=== Run information ===

Scheme:       weka.classifiers.bayes.NaiveBayes 
Relation:     fscoreSelected-weka.filters.unsupervised.attribute.NumericToNominal-Rfirst-last
Instances:    768
Attributes:   6
              Glucose
              SkinThickness
              Insulin
              BMI
              Age
              Outcome
Test mode:    10-fold cross-validation

=== Classifier model (full training set) ===

Naive Bayes Classifier

                 Class
Attribute            0      1
                (0.65) (0.35)
==============================
Glucose
  44                2.0    1.0
  56                2.0    1.0
  57                3.0    1.0
  61                2.0    1.0
  62                2.0    1.0
  65                2.0    1.0
  67                2.0    1.0
  68                4.0    1.0
  71                5.0    1.0
  72                2.0    1.0
  73                4.0    1.0
  74                5.0    1.0
  75                3.0    1.0
  76                3.0    1.0
  77                3.0    1.0
  78                4.0    2.0
  79                4.0    1.0
  80                6.0    2.0
  81                7.0    1.0
  82                4.0    1.0
  83                7.0    1.0
  84               10.0    2.0
  85                7.0    2.0
  86                4.0    1.0
  87                8.0    1.0
  88                9.0    2.0
  89                7.0    1.0
  90               10.0    3.0
  91               10.0    1.0
  91.12             2.0    1.0
  92                9.0    2.0
  93                7.0    2.0
  94                8.0    1.0
  95               11.0    4.0
  96                9.0    1.0
  97                8.0    3.0
  98                4.0    1.0
  98.14             2.0    1.0
  99               18.0    1.0
  100              14.0    5.0
  101               9.0    2.0
  102              10.0    5.0
  102.54            2.0    1.0
  103               9.0    2.0
  104               4.0    4.0
  105              11.0    4.0
  106              14.0    2.0
  107               9.0    4.0
  108              11.0    4.0
  109               8.0    6.0
  110               7.0    1.0
  111              12.0    4.0
  112              10.0    5.0
  113               4.0    3.0
  114              10.0    3.0
  115               5.0    7.0
  116               7.0    2.0
  117              10.0    3.0
  118               5.0    3.0
  119               8.0    5.0
  120               9.0    4.0
  121               5.0    3.0
  122              10.0    4.0
  123               8.0    3.0
  124               7.0    6.0
  125               8.0    8.0
  126               8.0    3.0
  127               6.0    1.0
  128               6.0    7.0
  129               9.0    7.0
  130               5.0    4.0
  131               3.0    4.0
  131.47            1.0    2.0
  132               4.0    3.0
  132.59            1.0    2.0
  133               4.0    3.0
  134               3.0    5.0
  135               3.0    3.0
  136               5.0    5.0
  137               7.0    3.0
  138               3.0    4.0
  139               7.0    3.0
  140               3.0    4.0
  141               4.0    3.0
  142               4.0    3.0
  143               5.0    3.0
  144               4.0    5.0
  145               2.0    5.0
  146               5.0    6.0
  147               5.0    4.0
  148               2.0    4.0
  149               1.0    2.0
  150               3.0    2.0
  151               4.0    4.0
  152               2.0    4.0
  153               3.0    1.0
  154               6.0    2.0
  155               2.0    5.0
  156               1.0    4.0
  157               3.0    1.0
  158               3.0    7.0
  159               2.0    2.0
  160               1.0    2.0
  161               2.0    3.0
  162               2.0    6.0
  163               1.0    4.0
  164               2.0    3.0
  165               4.0    2.0
  166               2.0    3.0
  167               1.0    4.0
  168               1.0    5.0
  169               1.0    2.0
  170               1.0    3.0
  171               1.0    4.0
  172               1.0    2.0
  173               2.0    6.0
  174               1.0    3.0
  175               2.0    2.0
  176               1.0    3.0
  177               1.0    2.0
  178               1.0    2.0
  179               3.0    4.0
  180               2.0    5.0
  181               1.0    6.0
  182               1.0    2.0
  183               2.0    3.0
  184               1.0    4.0
  186               1.0    2.0
  187               1.0    5.0
  188               1.0    3.0
  189               2.0    4.0
  190               1.0    2.0
  191               2.0    1.0
  193               2.0    2.0
  194               2.0    3.0
  195               1.0    3.0
  196               1.0    4.0
  197               2.0    4.0
  198               1.0    2.0
  199               1.0    2.0
  [total]         640.0  408.0

SkinThickness
  7                 2.0    2.0
  8                 3.0    1.0
  10                6.0    1.0
  11                7.0    1.0
  12                7.0    2.0
  13               11.0    2.0
  14                5.0    3.0
  15               14.0    2.0
  16                7.0    1.0
  16.05             2.0    1.0
  16.43             2.0    1.0
  16.81             2.0    1.0
  17               13.0    3.0
  17.36             2.0    1.0
  17.51             2.0    1.0
  18               17.0    5.0
  18.17             2.0    1.0
  18.33             2.0    1.0
  18.49             2.0    1.0
  18.76             2.0    1.0
  18.77             2.0    1.0
  18.96             2.0    1.0
  18.97             2.0    1.0
  19               16.0    4.0
  19.14             2.0    1.0
  19.21             2.0    1.0
  19.26             2.0    1.0
  19.32             2.0    1.0
  20               12.0    3.0
  20.02             2.0    1.0
  20.65             2.0    1.0
  20.72             2.0    1.0
  20.87             2.0    1.0
  20.92             2.0    1.0
  21                9.0    3.0
  21.16             2.0    1.0
  21.28             2.0    1.0
  21.83             2.0    1.0
  21.87             2.0    1.0
  22               13.0    5.0
  22.35             3.0    1.0
  22.4              2.0    1.0
  22.7              2.0    1.0
  22.79             2.0    1.0
  22.82             2.0    1.0
  22.9              2.0    1.0
  22.94             2.0    1.0
  23               19.0    5.0
  23.11             2.0    1.0
  23.2              2.0    1.0
  23.41             2.0    1.0
  23.44             2.0    1.0
  23.51             2.0    1.0
  23.62             2.0    1.0
  23.71             2.0    1.0
  23.75             2.0    1.0
  24                7.0    7.0
  24.2              2.0    1.0
  24.37             2.0    1.0
  24.74             1.0    2.0
  24.85             2.0    1.0
  24.94             2.0    1.0
  25               12.0    6.0
  25.02             1.0    2.0
  25.12             1.0    2.0
  25.2              1.0    2.0
  25.29             2.0    1.0
  25.3              2.0    1.0
  25.38             1.0    2.0
  25.47             2.0    2.0
  25.69             2.0    1.0
  25.7              1.0    2.0
  25.74             2.0    1.0
  25.86             2.0    1.0
  25.97             1.0    2.0
  26               11.0    7.0
  26.04             2.0    1.0
  26.27             2.0    1.0
  26.34             2.0    1.0
  26.4              2.0    1.0
  26.44             2.0    1.0
  26.54             2.0    1.0
  26.55             2.0    1.0
  26.62             1.0    2.0
  26.63             2.0    1.0
  26.67             2.0    1.0
  26.72             2.0    1.0
  26.86             1.0    2.0
  26.89             2.0    1.0
  26.9              2.0    1.0
  26.98             2.0    1.0
  27               17.0    8.0
  27.05             2.0    1.0
  27.07             1.0    2.0
  27.1              1.0    2.0
  27.13             2.0    1.0
  27.17             2.0    1.0
  27.33             2.0    1.0
  27.38             2.0    1.0
  27.52             2.0    1.0
  27.58             2.0    1.0
  27.69             2.0    1.0
  27.73             2.0    1.0
  27.75             1.0    2.0
  27.79             2.0    1.0
  27.83             1.0    2.0
  28               17.0    6.0
  28.02             1.0    2.0
  28.06             2.0    1.0
  28.08             2.0    1.0
  28.09             2.0    2.0
  28.17             2.0    1.0
  28.22             2.0    1.0
  28.39             1.0    2.0
  28.41             2.0    1.0
  28.54             1.0    2.0
  28.56             2.0    1.0
  28.58             2.0    1.0
  28.63             1.0    2.0
  28.68             2.0    1.0
  28.7              2.0    1.0
  28.77             2.0    1.0
  28.79             3.0    1.0
  28.86             1.0    2.0
  28.88             1.0    2.0
  28.91             1.0    2.0
  29               11.0    9.0
  29.01             1.0    2.0
  29.03             1.0    2.0
  29.06             1.0    2.0
  29.2              2.0    1.0
  29.29             2.0    1.0
  29.35             2.0    1.0
  29.39             1.0    2.0
  29.46             2.0    1.0
  29.51             2.0    1.0
  29.52             2.0    1.0
  29.61             2.0    1.0
  29.9              2.0    1.0
  29.94             1.0    2.0
  29.98             2.0    1.0
  30               19.0   10.0
  30.04             2.0    1.0
  30.08             2.0    1.0
  30.1              2.0    2.0
  30.11             2.0    1.0
  30.12             1.0    2.0
  30.19             1.0    2.0
  30.21             2.0    1.0
  30.33             1.0    3.0
  30.38             1.0    2.0
  30.43             2.0    1.0
  30.48             2.0    1.0
  30.51             1.0    2.0
  30.52             1.0    2.0
  30.54             1.0    3.0
  30.56             2.0    1.0
  30.58             2.0    1.0
  30.61             2.0    1.0
  30.65             1.0    2.0
  30.7              1.0    2.0
  30.78             2.0    1.0
  30.96             2.0    1.0
  31               15.0    7.0
  31.06             1.0    2.0
  31.15             1.0    2.0
  31.16             1.0    2.0
  31.19             2.0    1.0
  31.29             1.0    2.0
  31.38             2.0    1.0
  31.39             1.0    3.0
  31.4              1.0    2.0
  31.63             2.0    2.0
  31.64             1.0    2.0
  31.66             2.0    1.0
  31.69             2.0    1.0
  31.76             2.0    1.0
  31.82             1.0    2.0
  31.9              2.0    1.0
  31.98             1.0    2.0
  32               18.0   15.0
  32.02             2.0    1.0
  32.13             1.0    2.0
  32.16             1.0    2.0
  32.33             1.0    2.0
  32.38             2.0    1.0
  32.4              1.0    2.0
  32.56             2.0    1.0
  32.68             1.0    2.0
  32.81             1.0    2.0
  32.88             2.0    1.0
  32.92             1.0    2.0
  32.93             1.0    2.0
  33               12.0   10.0
  33.11             1.0    2.0
  33.18             2.0    1.0
  33.19             1.0    2.0
  33.22             2.0    1.0
  33.23             1.0    3.0
  33.24             1.0    2.0
  33.29             1.0    2.0
  33.54             1.0    2.0
  33.56             1.0    2.0
  33.58             2.0    1.0
  33.78             2.0    1.0
  33.97             1.0    2.0
  34                6.0    4.0
  34.19             2.0    1.0
  34.22             1.0    2.0
  34.27             2.0    1.0
  34.31             2.0    1.0
  34.53             2.0    1.0
  34.91             1.0    2.0
  34.98             2.0    1.0
  35                8.0    9.0
  35.2              1.0    2.0
  35.23             2.0    1.0
  35.48             1.0    2.0
  35.52             2.0    1.0
  36                7.0    9.0
  36.18             1.0    2.0
  36.41             2.0    1.0
  36.64             1.0    2.0
  36.72             1.0    2.0
  36.8              2.0    1.0
  36.93             1.0    2.0
  37                9.0    9.0
  37.1              1.0    2.0
  37.17             1.0    2.0
  37.23             1.0    2.0
  37.37             2.0    1.0
  37.48             2.0    1.0
  37.91             2.0    1.0
  37.99             1.0    2.0
  38                6.0    3.0
  38.01             1.0    2.0
  38.35             2.0    1.0
  38.44             1.0    2.0
  38.75             2.0    1.0
  39               11.0    9.0
  39.1              1.0    2.0
  39.58             1.0    2.0
  40               12.0    6.0
  40.32             1.0    2.0
  41                9.0    8.0
  41.13             1.0    2.0
  41.84             1.0    2.0
  42                6.0    7.0
  42.44             1.0    2.0
  43                5.0    3.0
  44                3.0    4.0
  45                4.0    4.0
  46                4.0    6.0
  47                3.0    3.0
  48                3.0    3.0
  49                1.0    4.0
  50                4.0    1.0
  51                1.0    2.0
  52                3.0    1.0
  54                3.0    1.0
  56                1.0    2.0
  60                2.0    1.0
  63                1.0    2.0
  99                1.0    2.0
  [total]         764.0  532.0

Insulin
  14                1.0    2.0
  15                2.0    1.0
  16                2.0    1.0
  18                3.0    1.0
  22                2.0    1.0
  23                3.0    1.0
  25                2.0    1.0
  29                1.0    2.0
  32                2.0    1.0
  36                3.0    2.0
  37                3.0    1.0
  38                2.0    1.0
  39.84             2.0    1.0
  40                3.0    1.0
  41                2.0    1.0
  42                2.0    1.0
  43                2.0    1.0
  44                4.0    1.0
  45                4.0    1.0
  45.91             2.0    1.0
  46                2.0    1.0
  46.67             2.0    1.0
  48                3.0    2.0
  49                6.0    1.0
  50                4.0    1.0
  51                2.0    1.0
  51.04             2.0    1.0
  51.32             2.0    1.0
  51.44             2.0    1.0
  51.54             2.0    1.0
  52                2.0    1.0
  52.12             2.0    1.0
  52.78             2.0    1.0
  53                3.0    1.0
  53.01             2.0    1.0
  54                5.0    1.0
  54.43             2.0    1.0
  54.76             2.0    1.0
  55                3.0    1.0
  56                6.0    1.0
  56.22             2.0    1.0
  56.41             2.0    1.0
  57                3.0    1.0
  57.44             2.0    1.0
  57.66             2.0    1.0
  57.94             2.0    1.0
  58                2.0    2.0
  58.02             2.0    1.0
  58.27             2.0    1.0
  59                2.0    1.0
  59.27             2.0    1.0
  59.31             2.0    1.0
  59.6              2.0    1.0
  60                3.0    1.0
  60.04             2.0    1.0
  60.07             2.0    1.0
  60.48             2.0    1.0
  60.96             2.0    1.0
  61                2.0    1.0
  61.85             2.0    1.0
  62.18             2.0    1.0
  62.75             2.0    1.0
  63                4.0    1.0
  63.01             2.0    1.0
  63.09             2.0    1.0
  63.41             2.0    1.0
  63.59             3.0    1.0
  64                4.0    2.0
  65                2.0    1.0
  65.04             2.0    1.0
  65.14             2.0    1.0
  65.25             2.0    1.0
  65.34             2.0    1.0
  65.94             2.0    1.0
  66                6.0    1.0
  66.41             2.0    1.0
  66.66             2.0    1.0
  66.68             2.0    1.0
  66.72             2.0    1.0
  66.85             1.0    2.0
  67                3.0    1.0
  67.42             2.0    1.0
  67.43             2.0    1.0
  67.86             2.0    1.0
  67.93             2.0    1.0
  68                2.0    1.0
  69.47             2.0    1.0
  70                3.0    2.0
  71                5.0    1.0
  71.05             2.0    1.0
  71.47             2.0    1.0
  72                2.0    1.0
  72.37             2.0    1.0
  72.79             2.0    1.0
  72.92             2.0    1.0
  73                2.0    1.0
  74                3.0    2.0
  75                4.0    1.0
  75.3              2.0    1.0
  76                6.0    1.0
  76.56             2.0    1.0
  77                3.0    1.0
  77.35             2.0    1.0
  77.51             2.0    1.0
  78                3.0    1.0
  78.49             2.0    1.0
  79                2.0    2.0
  79.07             2.0    1.0
  79.18             2.0    1.0
  79.27             1.0    2.0
  79.3              2.0    1.0
  80.65             2.0    1.0
  80.66             2.0    1.0
  81                2.0    1.0
  82                4.0    1.0
  82.23             2.0    1.0
  83                4.0    1.0
  84                2.0    1.0
  84.6              2.0    1.0
  85                3.0    1.0
  86                2.0    1.0
  87                3.0    1.0
  87.9              2.0    1.0
  88                3.0    3.0
  88.03             2.0    1.0
  88.94             2.0    1.0
  88.98             2.0    1.0
  89                2.0    1.0
  89.48             2.0    1.0
  89.56             2.0    1.0
  89.61             2.0    1.0
  89.75             2.0    1.0
  90                3.0    3.0
  91                1.0    2.0
  92                4.0    1.0
  92.12             2.0    1.0
  92.25             2.0    1.0
  93.12             2.0    1.0
  93.15             2.0    1.0
  93.68             2.0    1.0
  94                8.0    1.0
  94.31             2.0    1.0
  95                3.0    1.0
  95.14             2.0    1.0
  95.6              2.0    1.0
  95.79             2.0    1.0
  95.81             1.0    2.0
  96                1.0    3.0
  96.5              2.0    1.0
  97.23             2.0    1.0
  97.25             2.0    1.0
  97.37             1.0    2.0
  98.56             2.0    1.0
  98.85             2.0    1.0
  98.93             1.0    2.0
  99                1.0    3.0
  99.21             2.0    1.0
  99.62             2.0    1.0
  100               7.0    2.0
  100.77            2.0    1.0
  102.03            2.0    1.0
  102.35            2.0    1.0
  102.74            2.0    1.0
  105              11.0    2.0
  106               4.0    1.0
  106.77            1.0    2.0
  107.09            2.0    1.0
  108               2.0    1.0
  108.97            2.0    1.0
  109.02            2.0    1.0
  110               5.0    3.0
  111.34            2.0    1.0
  111.52            1.0    2.0
  112               2.0    1.0
  114               1.0    3.0
  114.02            2.0    1.0
  114.15            2.0    1.0
  114.46            2.0    1.0
  114.69            2.0    1.0
  114.89            2.0    1.0
  115               5.0    3.0
  115.53            2.0    1.0
  116               3.0    1.0
  117.27            2.0    1.0
  117.29            2.0    1.0
  118.61            1.0    2.0
  118.7             2.0    1.0
  119               3.0    1.0
  120               7.0    3.0
  120.36            1.0    2.0
  120.55            2.0    1.0
  120.65            2.0    1.0
  121.64            2.0    1.0
  121.7             1.0    2.0
  121.92            1.0    2.0
  122               2.0    2.0
  122.28            2.0    1.0
  122.29            2.0    1.0
  122.31            1.0    2.0
  122.35            2.0    1.0
  122.83            2.0    1.0
  122.89            2.0    1.0
  123.24            2.0    1.0
  123.37            2.0    1.0
  123.38            3.0    1.0
  123.49            2.0    1.0
  124.44            2.0    1.0
  125               3.0    3.0
  125.46            1.0    2.0
  125.66            1.0    2.0
  126               3.0    2.0
  126.16            2.0    1.0
  126.24            2.0    1.0
  126.38            1.0    2.0
  126.92            1.0    2.0
  127               1.0    2.0
  127.45            2.0    1.0
  127.61            2.0    1.0
  127.64            1.0    2.0
  127.81            2.0    1.0
  127.91            2.0    1.0
  127.94            2.0    1.0
  127.98            1.0    2.0
  127.99            2.0    1.0
  128               2.0    1.0
  128.06            1.0    2.0
  128.23            2.0    1.0
  128.29            1.0    2.0
  129               1.0    2.0
  129.57            1.0    2.0
  129.8             2.0    1.0
  129.82            1.0    2.0
  130               4.0    7.0
  130.58            2.0    1.0
  132               2.0    2.0
  132.43            1.0    2.0
  133.39            1.0    2.0
  133.57            1.0    2.0
  134.13            2.0    1.0
  134.43            2.0    1.0
  134.72            2.0    1.0
  135               5.0    3.0
  135.1             2.0    1.0
  135.44            2.0    1.0
  135.58            2.0    1.0
  135.78            1.0    2.0
  135.8             2.0    1.0
  136.59            2.0    1.0
  136.79            2.0    1.0
  137.11            1.0    2.0
  137.15            2.0    1.0
  137.41            1.0    2.0
  137.78            2.0    1.0
  138.43            2.0    1.0
  138.53            1.0    2.0
  138.86            1.0    2.0
  138.96            2.0    1.0
  139.01            1.0    2.0
  139.29            2.0    1.0
  139.67            2.0    1.0
  140               9.0    2.0
  141.32            1.0    2.0
  142               2.0    1.0
  142.28            1.0    2.0
  142.95            1.0    2.0
  143.09            1.0    2.0
  143.32            2.0    1.0
  143.33            1.0    2.0
  143.62            1.0    2.0
  144               1.0    3.0
  144.02            1.0    2.0
  144.16            2.0    1.0
  144.26            1.0    2.0
  144.78            2.0    1.0
  144.83            2.0    1.0
  144.84            2.0    1.0
  145               2.0    3.0
  145.36            2.0    1.0
  145.61            2.0    1.0
  146               1.0    2.0
  146.08            2.0    1.0
  146.14            1.0    2.0
  146.34            1.0    2.0
  146.67            2.0    1.0
  147.29            1.0    2.0
  147.8             2.0    1.0
  147.85            2.0    1.0
  148               3.0    1.0
  148.03            2.0    1.0
  148.25            2.0    1.0
  148.29            1.0    2.0
  148.84            2.0    1.0
  149.22            1.0    2.0
  149.54            1.0    2.0
  150               1.0    3.0
  150.26            1.0    2.0
  150.6             1.0    2.0
  150.65            2.0    1.0
  150.84            2.0    1.0
  151.45            2.0    1.0
  151.7             2.0    1.0
  152               3.0    1.0
  152.03            1.0    2.0
  152.53            2.0    1.0
  152.58            2.0    1.0
  152.76            2.0    1.0
  152.82            2.0    1.0
  153.72            2.0    1.0
  153.75            1.0    2.0
  154.13            2.0    1.0
  155               3.0    3.0
  156               1.0    4.0
  156.16            2.0    1.0
  158               3.0    1.0
  158.55            1.0    2.0
  158.76            2.0    1.0
  158.88            2.0    1.0
  159               1.0    2.0
  159.03            2.0    1.0
  159.48            2.0    1.0
  159.94            2.0    1.0
  160               3.0    3.0
  160.43            1.0    2.0
  160.44            2.0    1.0
  161.6             1.0    2.0
  162.07            2.0    1.0
  162.12            1.0    2.0
  162.37            2.0    1.0
  162.49            2.0    1.0
  162.57            1.0    2.0
  162.79            2.0    1.0
  162.82            2.0    1.0
  163.2             1.0    2.0
  163.28            2.0    1.0
  163.44            1.0    2.0
  164.39            1.0    2.0
  164.49            1.0    2.0
  165               3.0    3.0
  165.21            1.0    2.0
  165.75            1.0    2.0
  166               2.0    1.0
  166.1             2.0    1.0
  166.38            1.0    2.0
  167               1.0    3.0
  168               3.0    3.0
  168.17            1.0    2.0
  169.39            1.0    2.0
  169.81            1.0    2.0
  170               3.0    1.0
  170.91            1.0    2.0
  171               1.0    2.0
  174.05            2.0    1.0
  174.86            1.0    2.0
  175               1.0    4.0
  175.23            2.0    1.0
  175.61            1.0    2.0
  176               3.0    2.0
  176.72            2.0    1.0
  176.75            2.0    1.0
  177.44            2.0    1.0
  177.64            2.0    1.0
  178               2.0    1.0
  179.75            1.0    2.0
  180               4.0    5.0
  180.3             2.0    1.0
  180.59            2.0    1.0
  181.12            1.0    2.0
  181.24            2.0    1.0
  182               3.0    2.0
  182.46            1.0    2.0
  182.49            1.0    2.0
  182.52            2.0    1.0
  182.74            1.0    2.0
  183               2.0    1.0
  183.19            1.0    2.0
  184               1.0    2.0
  185               1.0    3.0
  185.32            2.0    1.0
  185.38            1.0    2.0
  186.87            2.0    1.0
  187.41            1.0    2.0
  187.9             1.0    2.0
  188               2.0    1.0
  189.05            1.0    2.0
  190               4.0    2.0
  190.34            2.0    1.0
  190.72            1.0    2.0
  190.98            2.0    1.0
  191               1.0    2.0
  191.17            1.0    2.0
  191.39            2.0    1.0
  191.4             2.0    1.0
  192               2.0    2.0
  192.18            1.0    2.0
  192.38            2.0    1.0
  193               2.0    1.0
  193.09            1.0    2.0
  193.21            1.0    2.0
  194               2.0    3.0
  194.97            1.0    2.0
  196               2.0    1.0
  196.23            2.0    1.0
  196.24            1.0    2.0
  196.25            2.0    1.0
  196.4             1.0    2.0
  196.41            1.0    2.0
  197.01            1.0    2.0
  197.9             2.0    1.0
  198.03            2.0    1.0
  198.63            1.0    2.0
  199.08            2.0    1.0
  200               4.0    2.0
  200.68            1.0    2.0
  201.71            2.0    1.0
  202.14            1.0    2.0
  202.17            1.0    2.0
  204               2.0    1.0
  204.4             1.0    2.0
  205               2.0    2.0
  205.34            1.0    2.0
  206.62            1.0    2.0
  206.67            1.0    2.0
  207               1.0    3.0
  207.65            2.0    1.0
  208.31            1.0    2.0
  208.82            2.0    1.0
  210               4.0    3.0
  211.89            1.0    2.0
  212.72            1.0    2.0
  213.65            1.0    2.0
  213.83            2.0    1.0
  214.29            2.0    1.0
  214.49            3.0    1.0
  214.55            1.0    2.0
  214.69            1.0    2.0
  214.82            1.0    2.0
  214.9             2.0    1.0
  215               3.0    2.0
  216.86            2.0    1.0
  218.37            1.0    2.0
  218.47            1.0    2.0
  219.22            2.0    1.0
  219.75            2.0    1.0
  220               1.0    3.0
  221.15            1.0    2.0
  221.93            1.0    2.0
  221.95            2.0    1.0
  222.26            2.0    1.0
  223.3             2.0    1.0
  223.33            2.0    1.0
  224.61            1.0    2.0
  224.76            1.0    2.0
  225               1.0    3.0
  227.45            1.0    2.0
  227.79            2.0    1.0
  228               2.0    1.0
  229               1.0    2.0
  229.07            2.0    1.0
  229.57            2.0    1.0
  229.81            2.0    1.0
  230               2.0    2.0
  230.56            2.0    1.0
  231               2.0    2.0
  231.72            1.0    2.0
  232.73            1.0    2.0
  233.94            2.0    1.0
  234.22            2.0    1.0
  235               2.0    1.0
  235.11            1.0    2.0
  236.9             2.0    1.0
  237               1.0    2.0
  237.09            1.0    2.0
  238.54            2.0    1.0
  238.84            1.0    2.0
  240               2.0    2.0
  242.67            2.0    1.0
  245               1.0    2.0
  245.18            2.0    1.0
  248.72            1.0    2.0
  249               1.0    2.0
  250               1.0    2.0
  251.82            2.0    1.0
  255               2.0    1.0
  258               1.0    2.0
  263.87            1.0    2.0
  264.55            1.0    2.0
  265               3.0    1.0
  265.41            1.0    2.0
  266.8             1.0    2.0
  266.85            1.0    2.0
  270               2.0    1.0
  271               1.0    2.0
  272               2.0    1.0
  272.11            1.0    2.0
  272.33            1.0    2.0
  273.89            1.0    2.0
  274               1.0    2.0
  274.85            1.0    2.0
  275               2.0    1.0
  275.06            1.0    2.0
  277               1.0    2.0
  278               2.0    1.0
  280               1.0    2.0
  284               2.0    1.0
  284.44            1.0    2.0
  285               2.0    2.0
  288.48            1.0    2.0
  289.63            2.0    1.0
  290.67            1.0    2.0
  291               2.0    1.0
  292.95            1.0    2.0
  293               2.0    2.0
  300               1.0    2.0
  300.89            1.0    2.0
  301.21            1.0    2.0
  304               1.0    2.0
  307.15            1.0    2.0
  310               2.0    1.0
  314.49            1.0    2.0
  316.08            1.0    2.0
  318               1.0    2.0
  321               1.0    2.0
  325               2.0    3.0
  326               2.0    1.0
  328               1.0    2.0
  330               2.0    1.0
  335               2.0    1.0
  338.97            1.0    2.0
  342               2.0    1.0
  344.4             2.0    1.0
  351.41            1.0    2.0
  360               1.0    2.0
  368.32            1.0    2.0
  370               1.0    2.0
  375               2.0    1.0
  387               2.0    1.0
  392               1.0    2.0
  402               2.0    1.0
  415               2.0    1.0
  440               2.0    1.0
  465               1.0    2.0
  474               1.0    2.0
  478               1.0    2.0
  480               2.0    2.0
  485               2.0    1.0
  495               1.0    3.0
  510               1.0    2.0
  540               1.0    2.0
  543               1.0    2.0
  545               2.0    1.0
  579               1.0    2.0
  600               1.0    2.0
  680               2.0    1.0
  744               2.0    1.0
  846               1.0    2.0
  [total]        1055.0  823.0

BMI
  18.2              4.0    1.0
  18.4              2.0    1.0
  19.1              2.0    1.0
  19.3              2.0    1.0
  19.4              2.0    1.0
  19.5              3.0    1.0
  19.6              4.0    1.0
  19.9              2.0    1.0
  20                2.0    1.0
  20.1              2.0    1.0
  20.4              3.0    1.0
  20.8              3.0    1.0
  21                3.0    1.0
  21.1              5.0    1.0
  21.2              2.0    1.0
  21.7              2.0    1.0
  21.8              6.0    1.0
  21.9              4.0    1.0
  22.1              3.0    1.0
  22.2              3.0    1.0
  22.3              2.0    1.0
  22.4              3.0    1.0
  22.5              4.0    1.0
  22.6              3.0    1.0
  22.7              2.0    1.0
  22.9              2.0    2.0
  23                3.0    1.0
  23.1              5.0    1.0
  23.2              4.0    1.0
  23.3              2.0    2.0
  23.4              1.0    2.0
  23.5              3.0    2.0
  23.6              4.0    1.0
  23.7              3.0    1.0
  23.8              2.0    2.0
  23.9              3.0    1.0
  24                5.0    1.0
  24.1              2.0    1.0
  24.2              7.0    1.0
  24.3              4.0    2.0
  24.4              4.0    1.0
  24.5              2.0    1.0
  24.6              5.0    1.0
  24.7              6.0    1.0
  24.8              3.0    2.0
  24.9              2.0    1.0
  25                7.0    1.0
  25.1              3.0    2.0
  25.2              7.0    1.0
  25.3              3.0    1.0
  25.4              5.0    1.0
  25.5              2.0    2.0
  25.6              6.0    2.0
  25.8              2.0    2.0
  25.9              7.0    2.0
  26                5.0    1.0
  26.1              4.0    1.0
  26.2              5.0    1.0
  26.3              2.0    1.0
  26.4              3.0    2.0
  26.5              3.0    2.0
  26.6              4.0    2.0
  26.7              2.0    1.0
  26.8              4.0    2.0
  26.9              2.0    1.0
  27                2.0    2.0
  27.1              3.0    2.0
  27.2              3.0    1.0
  27.3              5.0    1.0
  27.4              4.0    3.0
  27.48             2.0    1.0
  27.5              4.0    3.0
  27.6              5.0    4.0
  27.7              5.0    1.0
  27.8              8.0    1.0
  27.9              1.0    3.0
  28                5.0    2.0
  28.1              2.0    1.0
  28.2              2.0    2.0
  28.3              2.0    2.0
  28.4              4.0    4.0
  28.5              4.0    1.0
  28.6              3.0    1.0
  28.7              7.0    2.0
  28.8              3.0    1.0
  28.9              4.0    4.0
  29                4.0    3.0
  29.2              2.0    1.0
  29.3              5.0    2.0
  29.43             2.0    1.0
  29.47             2.0    1.0
  29.5              5.0    2.0
  29.57             2.0    1.0
  29.6              4.0    2.0
  29.7              6.0    4.0
  29.76             2.0    1.0
  29.8              4.0    1.0
  29.9              4.0    3.0
  30                4.0    5.0
  30.1              7.0    4.0
  30.2              2.0    1.0
  30.3              1.0    2.0
  30.4              4.0    5.0
  30.5              3.0    6.0
  30.7              2.0    1.0
  30.8              8.0    3.0
  30.9              4.0    3.0
  30.99             2.0    1.0
  31                2.0    2.0
  31.1              1.0    2.0
  31.2              8.0    6.0
  31.3              2.0    1.0
  31.6              6.0    8.0
  31.9              3.0    1.0
  32                9.0    6.0
  32.06             2.0    1.0
  32.1              2.0    1.0
  32.2              2.0    1.0
  32.25             1.0    2.0
  32.3              1.0    4.0
  32.4              7.0    5.0
  32.5              5.0    3.0
  32.6              2.0    1.0
  32.7              2.0    3.0
  32.8              7.0    4.0
  32.9              2.0    9.0
  33.1              4.0    1.0
  33.2              8.0    1.0
  33.3              5.0    7.0
  33.44             2.0    1.0
  33.5              2.0    1.0
  33.6              5.0    5.0
  33.7              3.0    4.0
  33.8              4.0    3.0
  33.9              2.0    2.0
  34                5.0    3.0
  34.1              4.0    3.0
  34.2              5.0    5.0
  34.3              3.0    5.0
  34.4              4.0    2.0
  34.5              3.0    4.0
  34.6              3.0    4.0
  34.7              4.0    2.0
  34.8              2.0    2.0
  34.9              4.0    4.0
  35                2.0    4.0
  35.1              3.0    2.0
  35.2              2.0    2.0
  35.3              5.0    1.0
  35.4              4.0    2.0
  35.5              5.0    4.0
  35.6              2.0    2.0
  35.7              4.0    2.0
  35.8              5.0    2.0
  35.9              3.0    4.0
  36                2.0    2.0
  36.1              3.0    2.0
  36.2              2.0    1.0
  36.3              2.0    3.0
  36.4              1.0    3.0
  36.5              2.0    4.0
  36.6              3.0    4.0
  36.7              2.0    1.0
  36.8              6.0    2.0
  36.9              4.0    1.0
  36.95             2.0    1.0
  37                1.0    2.0
  37.1              1.0    3.0
  37.2              4.0    2.0
  37.3              2.0    1.0
  37.4              3.0    2.0
  37.5              2.0    2.0
  37.6              4.0    3.0
  37.7              4.0    3.0
  37.8              2.0    3.0
  37.9              1.0    3.0
  38                1.0    3.0
  38.1              4.0    1.0
  38.2              3.0    3.0
  38.3              2.0    1.0
  38.4              2.0    2.0
  38.5              4.0    4.0
  38.6              2.0    1.0
  38.7              3.0    2.0
  38.8              2.0    1.0
  38.9              2.0    1.0
  39                3.0    3.0
  39.1              3.0    3.0
  39.2              2.0    2.0
  39.3              2.0    1.0
  39.4              5.0    4.0
  39.5              3.0    2.0
  39.6              2.0    1.0
  39.7              2.0    1.0
  39.8              2.0    2.0
  39.9              2.0    3.0
  40                2.0    2.0
  40.1              2.0    1.0
  40.2              2.0    1.0
  40.5              3.0    2.0
  40.6              5.0    1.0
  40.7              2.0    1.0
  40.8              2.0    1.0
  40.9              1.0    3.0
  41                1.0    2.0
  41.2              1.0    2.0
  41.3              3.0    2.0
  41.5              3.0    1.0
  41.8              1.0    2.0
  42                1.0    2.0
  42.1              2.0    2.0
  42.2              2.0    1.0
  42.3              1.0    4.0
  42.4              2.0    3.0
  42.6              1.0    2.0
  42.7              3.0    1.0
  42.8              2.0    1.0
  42.9              2.0    4.0
  43.1              1.0    2.0
  43.2              1.0    2.0
  43.3              2.0    5.0
  43.4              2.0    2.0
  43.5              3.0    1.0
  43.6              1.0    3.0
  44                1.0    3.0
  44.1              1.0    2.0
  44.2              2.0    2.0
  44.5              2.0    2.0
  44.6              2.0    1.0
  45                2.0    1.0
  45.2              2.0    1.0
  45.3              4.0    1.0
  45.4              1.0    2.0
  45.5              1.0    2.0
  45.6              1.0    3.0
  45.7              1.0    2.0
  45.8              1.0    2.0
  46.1              2.0    2.0
  46.2              2.0    2.0
  46.3              2.0    1.0
  46.5              2.0    1.0
  46.7              2.0    1.0
  46.8              2.0    2.0
  47.9              2.0    2.0
  48.3              1.0    2.0
  48.8              1.0    2.0
  49.3              1.0    2.0
  49.6              1.0    2.0
  49.7              1.0    2.0
  50                1.0    2.0
  52.3              2.0    2.0
  52.9              1.0    2.0
  53.2              1.0    2.0
  55                1.0    2.0
  57.3              2.0    1.0
  59.4              1.0    2.0
  67.1              1.0    2.0
  [total]         757.0  525.0

Age
  21               59.0    6.0
  22               62.0   12.0
  23               32.0    8.0
  24               39.0    9.0
  25               35.0   15.0
  26               26.0    9.0
  27               25.0    9.0
  28               26.0   11.0
  29               17.0   14.0
  30               16.0    7.0
  31               12.0   14.0
  32                8.0   10.0
  33                8.0   11.0
  34               11.0    5.0
  35                6.0    6.0
  36                7.0   11.0
  37               14.0    7.0
  38                7.0   11.0
  39               10.0    4.0
  40                8.0    7.0
  41               10.0   14.0
  42               12.0    8.0
  43                3.0   12.0
  44                4.0    6.0
  45                8.0    9.0
  46                7.0    8.0
  47                3.0    5.0
  48                5.0    2.0
  49                3.0    4.0
  50                4.0    6.0
  51                4.0    6.0
  52                2.0    8.0
  53                2.0    5.0
  54                3.0    5.0
  55                4.0    2.0
  56                2.0    3.0
  57                5.0    2.0
  58                5.0    4.0
  59                2.0    3.0
  60                4.0    3.0
  61                2.0    2.0
  62                3.0    3.0
  63                5.0    1.0
  64                2.0    1.0
  65                4.0    1.0
  66                3.0    3.0
  67                3.0    2.0
  68                2.0    1.0
  69                3.0    1.0
  70                1.0    2.0
  72                2.0    1.0
  81                2.0    1.0
  [total]         552.0  320.0



Time taken to build model: 0 seconds

=== Stratified cross-validation ===
=== Summary ===

Correctly Classified Instances         534               69.5313 %
Incorrectly Classified Instances       234               30.4688 %
Kappa statistic                          0.3188
Mean absolute error                      0.3455
Root mean squared error                  0.4509
Relative absolute error                 76.0203 %
Root relative squared error             94.5925 %
Total Number of Instances              768     

=== Detailed Accuracy By Class ===

                 TP Rate  FP Rate  Precision  Recall   F-Measure  MCC      ROC Area  PRC Area  Class
                 0.784    0.470    0.757      0.784    0.770      0.319    0.749     0.853     0
                 0.530    0.216    0.568      0.530    0.548      0.319    0.749     0.569     1
Weighted Avg.    0.695    0.381    0.691      0.695    0.693      0.319    0.749     0.754     

=== Confusion Matrix ===

   a   b   <-- classified as
 392 108 |   a = 0
 126 142 |   b = 1

