=== Run information ===

Scheme:       weka.classifiers.bayes.NaiveBayes 
Relation:     PCCSelected_dataset_2-weka.filters.unsupervised.attribute.NumericToNominal-Rfirst-last
Instances:    2535
Attributes:   6
              BMI
              Family history of diabetes
              Systolic blood pressure
              Diastolic blood pressure
              result of  high blood pressure screening
              Result of diabetes screening
Test mode:    10-fold cross-validation

=== Classifier model (full training set) ===

Naive Bayes Classifier

                                            Class
Attribute                                       0      1
                                           (0.09) (0.91)
=========================================================
BMI
  16.3                                         2.0    1.0
  16.81                                        1.0    2.0
  16.9                                         1.0    2.0
  17.01                                        2.0    1.0
  17.21                                        1.0    2.0
  17.54                                        2.0    1.0
  17.71                                        2.0    1.0
  17.75                                        2.0    1.0
  18.2                                         1.0    2.0
  18.23                                        1.0    2.0
  18.31                                        2.0    1.0
  18.36                                        2.0    1.0
  18.42                                        2.0    1.0
  18.43                                        2.0    1.0
  18.44                                        1.0    2.0
  18.55                                        2.0    1.0
  18.67                                        2.0    1.0
  18.73                                        2.0    1.0
  18.78                                        1.0    2.0
  18.82                                        1.0    2.0
  18.9                                         1.0    2.0
  18.96                                        2.0    1.0
  18.99                                        1.0    2.0
  19.03                                        1.0    2.0
  19.2                                         2.0    1.0
  19.22                                        2.0    1.0
  19.27                                        1.0    2.0
  19.29                                        2.0    1.0
  19.36                                        2.0    1.0
  19.39                                        2.0    1.0
  19.47                                        2.0    1.0
  19.48                                        2.0    1.0
  19.49                                        1.0    2.0
  19.63                                        3.0    1.0
  19.65                                        1.0    2.0
  19.69                                        2.0    1.0
  19.72                                        2.0    2.0
  19.74                                        2.0    1.0
  19.77                                        2.0    1.0
  19.82                                        2.0    1.0
  19.83                                        2.0    1.0
  19.88                                        2.0    1.0
  19.9                                         1.0    2.0
  19.91                                        2.0    1.0
  19.92                                        2.0    1.0
  19.95                                        2.0    1.0
  19.96                                        2.0    1.0
  20.03                                        1.0    2.0
  20.17                                        1.0    2.0
  20.2                                         3.0    1.0
  20.24                                        2.0    1.0
  20.25                                        2.0    1.0
  20.28                                        1.0    2.0
  20.29                                        1.0    2.0
  20.31                                        3.0    1.0
  20.36                                        1.0    2.0
  20.4                                         1.0    2.0
  20.52                                        1.0    2.0
  20.54                                        1.0    2.0
  20.55                                        2.0    1.0
  20.58                                        1.0    2.0
  20.69                                        1.0    2.0
  20.7                                         2.0    1.0
  20.76                                        2.0    2.0
  20.78                                        2.0    1.0
  20.82                                        2.0    2.0
  20.83                                        1.0    2.0
  20.93                                        2.0    1.0
  20.94                                        1.0    2.0
  20.96                                        3.0    2.0
  20.98                                        1.0    3.0
  20.99                                        1.0    3.0
  21.01                                        1.0    3.0
  21.05                                        1.0    2.0
  21.08                                        2.0    1.0
  21.1                                         1.0    2.0
  21.11                                        2.0    1.0
  21.14                                        2.0    1.0
  21.15                                        1.0    2.0
  21.2                                         3.0    1.0
  21.26                                        3.0    1.0
  21.31                                        1.0    2.0
  21.36                                        1.0    2.0
  21.37                                        2.0    4.0
  21.4                                         1.0    3.0
  21.48                                        1.0    2.0
  21.49                                        1.0    2.0
  21.5                                         1.0    2.0
  21.51                                        3.0    1.0
  21.55                                        1.0    2.0
  21.6                                         2.0    1.0
  21.61                                        1.0    2.0
  21.62                                        2.0    1.0
  21.63                                        1.0    2.0
  21.64                                        2.0    3.0
  21.71                                        1.0    2.0
  21.76                                        1.0    2.0
  21.78                                        2.0    1.0
  21.83                                        2.0    1.0
  21.86                                        1.0    2.0
  21.88                                        3.0    1.0
  21.91                                        1.0    2.0
  21.93                                        1.0    2.0
  21.95                                        3.0    1.0
  21.97                                        1.0    2.0
  21.99                                        1.0    2.0
  22.03                                        2.0    1.0
  22.04                                        1.0    2.0
  22.1                                         2.0    1.0
  22.19                                        1.0    2.0
  22.21                                        2.0    3.0
  22.28                                        1.0    2.0
  22.31                                        3.0    5.0
  22.35                                        2.0    1.0
  22.38                                        2.0    2.0
  22.39                                        1.0    2.0
  22.49                                        2.0    2.0
  22.52                                        2.0    2.0
  22.53                                        1.0    2.0
  22.57                                        2.0    1.0
  22.58                                        1.0    2.0
  22.59                                        2.0    2.0
  22.6                                         1.0    3.0
  22.64                                        1.0    2.0
  22.65                                        2.0    1.0
  22.68                                        1.0    3.0
  22.71                                        2.0    1.0
  22.72                                        1.0    2.0
  22.77                                        2.0    2.0
  22.78                                        1.0    2.0
  22.81                                        1.0    2.0
  22.82                                        1.0    2.0
  22.83                                        2.0    2.0
  22.84                                        2.0    2.0
  22.86                                        2.0    3.0
  22.89                                        1.0    2.0
  22.91                                        2.0    1.0
  22.92                                        2.0    1.0
  22.94                                        3.0    2.0
  22.96                                        2.0    2.0
  22.98                                        1.0    2.0
  23.01                                        2.0    3.0
  23.03                                        2.0    1.0
  23.04                                        1.0    2.0
  23.05                                        2.0    3.0
  23.07                                        3.0    3.0
  23.11                                        2.0    1.0
  23.13                                        1.0    2.0
  23.14                                        2.0    2.0
  23.18                                        2.0    1.0
  23.19                                        2.0    1.0
  23.24                                        2.0    2.0
  23.28                                        1.0    3.0
  23.31                                        2.0    2.0
  23.34                                        1.0    2.0
  23.37                                        2.0    1.0
  23.38                                        2.0    1.0
  23.39                                        2.0    1.0
  23.42                                        1.0    3.0
  23.44                                        3.0    2.0
  23.5                                         2.0    2.0
  23.51                                        2.0    3.0
  23.53                                        3.0    6.0
  23.56                                        2.0    1.0
  23.57                                        2.0    1.0
  23.59                                        2.0    1.0
  23.61                                        2.0    2.0
  23.62                                        1.0    2.0
  23.63                                        2.0    2.0
  23.66                                        2.0    2.0
  23.67                                        2.0    2.0
  23.69                                        1.0    2.0
  23.72                                        2.0    2.0
  23.73                                        2.0    4.0
  23.74                                        2.0    2.0
  23.77                                        1.0    2.0
  23.78                                        3.0    1.0
  23.8                                         1.0    2.0
  23.81                                        1.0    5.0
  23.83                                        3.0    3.0
  23.84                                        2.0    1.0
  23.88                                        3.0    3.0
  23.92                                        2.0    1.0
  23.94                                        3.0    7.0
  23.95                                        2.0    4.0
  23.99                                        1.0    2.0
  24                                           1.0    3.0
  24.01                                        1.0    2.0
  24.02                                        1.0    2.0
  24.03                                        2.0    6.0
  24.06                                        3.0    2.0
  24.11                                        1.0    4.0
  24.13                                        2.0    1.0
  24.14                                        1.0    3.0
  24.16                                        2.0    3.0
  24.2                                         2.0    1.0
  24.22                                        5.0    4.0
  24.24                                        1.0    4.0
  24.26                                        2.0    3.0
  24.3                                         1.0    2.0
  24.31                                        2.0    1.0
  24.33                                        1.0    2.0
  24.34                                        2.0    7.0
  24.35                                        1.0    3.0
  24.38                                        1.0    2.0
  24.39                                        1.0    2.0
  24.42                                        2.0    1.0
  24.44                                        2.0    4.0
  24.45                                        2.0    2.0
  24.46                                        2.0    5.0
  24.49                                        1.0    3.0
  24.51                                        1.0    4.0
  24.52                                        1.0    4.0
  24.53                                        1.0    3.0
  24.54                                        3.0    2.0
  24.55                                        1.0    2.0
  24.56                                        3.0    1.0
  24.57                                        2.0    2.0
  24.59                                        1.0    2.0
  24.61                                        4.0    8.0
  24.62                                        1.0    3.0
  24.65                                        2.0    4.0
  24.67                                        1.0    2.0
  24.68                                        2.0    2.0
  24.69                                        3.0    2.0
  24.74                                        2.0    3.0
  24.77                                        3.0    5.0
  24.78                                        2.0    2.0
  24.8                                         2.0    5.0
  24.83                                        1.0    2.0
  24.84                                        2.0    3.0
  24.86                                        2.0    4.0
  24.88                                        1.0    2.0
  24.89                                        2.0    4.0
  24.9                                         1.0    2.0
  24.91                                        2.0    5.0
  24.94                                        1.0    3.0
  24.97                                        1.0    2.0
  24.98                                        2.0    1.0
  25                                           6.0    1.0
  25.02                                        1.0    2.0
  25.03                                        1.0    2.0
  25.04                                        1.0    5.0
  25.06                                        2.0    3.0
  25.07                                        2.0    4.0
  25.08                                        1.0    3.0
  25.09                                        1.0    3.0
  25.1                                         2.0    7.0
  25.11                                        1.0    2.0
  25.14                                        1.0    2.0
  25.15                                        2.0    5.0
  25.16                                        1.0    3.0
  25.2                                         1.0    4.0
  25.21                                        1.0    4.0
  25.22                                        2.0    1.0
  25.23                                        1.0    2.0
  25.24                                        2.0    5.0
  25.3                                         1.0    4.0
  25.31                                        1.0    2.0
  25.32                                        1.0    6.0
  25.33                                        3.0    2.0
  25.34                                        1.0    5.0
  25.37                                        1.0    2.0
  25.39                                        1.0    9.0
  25.4                                         1.0    3.0
  25.42                                        1.0    2.0
  25.45                                        1.0    3.0
  25.46                                        1.0    7.0
  25.47                                        1.0    3.0
  25.48                                        2.0    5.0
  25.5                                         1.0    2.0
  25.51                                        1.0    2.0
  25.53                                        1.0    5.0
  25.54                                        1.0    2.0
  25.57                                        1.0    2.0
  25.58                                        1.0    2.0
  25.59                                        1.0    3.0
  25.61                                        1.0    2.0
  25.63                                        1.0    5.0
  25.64                                        1.0    5.0
  25.65                                        1.0    3.0
  25.67                                        1.0    3.0
  25.68                                        1.0    3.0
  25.69                                        1.0    3.0
  25.71                                        2.0   13.0
  25.72                                        2.0    3.0
  25.73                                        1.0    3.0
  25.75                                        1.0    4.0
  25.76                                        1.0    2.0
  25.77                                        1.0    3.0
  25.78                                        1.0    7.0
  25.8                                         2.0    4.0
  25.81                                        1.0    3.0
  25.82                                        1.0    3.0
  25.83                                        1.0    2.0
  25.84                                        1.0    3.0
  25.85                                        1.0    3.0
  25.88                                        1.0    2.0
  25.89                                        1.0    5.0
  25.91                                        1.0    7.0
  25.92                                        1.0    4.0
  25.93                                        1.0    2.0
  25.94                                        1.0    2.0
  25.95                                        1.0    2.0
  25.96                                        1.0    6.0
  25.97                                        1.0    5.0
  25.98                                        1.0    4.0
  25.99                                        1.0    3.0
  26                                           1.0    3.0
  26.01                                        1.0    2.0
  26.03                                        1.0    5.0
  26.04                                        1.0    4.0
  26.06                                        1.0    6.0
  26.08                                        1.0    6.0
  26.09                                        1.0    3.0
  26.11                                        1.0    4.0
  26.12                                        1.0    3.0
  26.14                                        1.0    4.0
  26.17                                        1.0    7.0
  26.18                                        1.0    5.0
  26.2                                         1.0    2.0
  26.22                                        1.0    7.0
  26.23                                        1.0    6.0
  26.25                                        1.0    3.0
  26.26                                        1.0    2.0
  26.27                                        1.0    3.0
  26.29                                        1.0    2.0
  26.3                                         1.0    9.0
  26.32                                        1.0    2.0
  26.33                                        1.0    3.0
  26.35                                        1.0    3.0
  26.37                                        1.0    7.0
  26.38                                        1.0    2.0
  26.4                                         1.0    6.0
  26.43                                        1.0    2.0
  26.44                                        1.0    5.0
  26.45                                        1.0    2.0
  26.47                                        2.0    1.0
  26.48                                        1.0    2.0
  26.49                                        1.0    4.0
  26.5                                         2.0    6.0
  26.53                                        1.0    4.0
  26.54                                        1.0    2.0
  26.56                                        3.0   11.0
  26.57                                        1.0    5.0
  26.58                                        1.0    3.0
  26.6                                         1.0    2.0
  26.62                                        1.0    3.0
  26.63                                        1.0    2.0
  26.64                                        1.0    8.0
  26.66                                        1.0    2.0
  26.67                                        1.0   12.0
  26.7                                         1.0    2.0
  26.71                                        1.0    8.0
  26.72                                        1.0    3.0
  26.73                                        1.0    5.0
  26.74                                        1.0    2.0
  26.75                                        2.0    3.0
  26.77                                        1.0    3.0
  26.78                                        1.0    5.0
  26.81                                        1.0    6.0
  26.83                                        1.0    3.0
  26.84                                        1.0   10.0
  26.85                                        1.0    3.0
  26.87                                        1.0    2.0
  26.89                                        1.0    4.0
  26.9                                         1.0    2.0
  26.91                                        1.0    6.0
  26.93                                        1.0    4.0
  26.94                                        1.0    2.0
  26.95                                        1.0    4.0
  26.96                                        1.0    2.0
  26.97                                        1.0    2.0
  26.99                                        1.0    3.0
  27.01                                        1.0    5.0
  27.04                                        1.0    5.0
  27.05                                        1.0    3.0
  27.06                                        1.0   13.0
  27.08                                        1.0    3.0
  27.1                                         1.0    5.0
  27.11                                        1.0    5.0
  27.12                                        1.0    6.0
  27.13                                        1.0    2.0
  27.14                                        1.0    5.0
  27.16                                        1.0    2.0
  27.17                                        1.0    3.0
  27.18                                        1.0    7.0
  27.19                                        1.0    3.0
  27.2                                         1.0    4.0
  27.21                                        1.0    5.0
  27.22                                        1.0    4.0
  27.23                                        1.0    3.0
  27.24                                        1.0    3.0
  27.25                                        1.0    2.0
  27.27                                        1.0    6.0
  27.28                                        1.0    2.0
  27.29                                        1.0    3.0
  27.3                                         1.0    4.0
  27.33                                        1.0    3.0
  27.34                                        1.0   11.0
  27.36                                        1.0    6.0
  27.39                                        1.0    4.0
  27.41                                        1.0    6.0
  27.43                                        1.0    5.0
  27.44                                        1.0    2.0
  27.45                                        2.0    3.0
  27.46                                        1.0    3.0
  27.47                                        1.0    4.0
  27.48                                        2.0    3.0
  27.49                                        2.0    2.0
  27.51                                        1.0    3.0
  27.53                                        1.0    5.0
  27.55                                        1.0    4.0
  27.56                                        2.0    4.0
  27.59                                        1.0    5.0
  27.61                                        1.0    2.0
  27.62                                        1.0    2.0
  27.63                                        1.0    3.0
  27.64                                        1.0    7.0
  27.65                                        1.0    2.0
  27.66                                        1.0    4.0
  27.68                                        1.0    5.0
  27.69                                        1.0   13.0
  27.7                                         1.0    3.0
  27.71                                        1.0    2.0
  27.72                                        1.0    4.0
  27.73                                        1.0    4.0
  27.74                                        1.0    3.0
  27.76                                        1.0    2.0
  27.77                                        1.0    5.0
  27.78                                        1.0    3.0
  27.81                                        1.0    2.0
  27.82                                        1.0    5.0
  27.83                                        1.0    6.0
  27.85                                        1.0    2.0
  27.87                                        1.0    2.0
  27.89                                        1.0    8.0
  27.92                                        1.0    4.0
  27.93                                        1.0    8.0
  27.94                                        1.0    7.0
  27.97                                        1.0    3.0
  27.99                                        1.0    8.0
  28.01                                        1.0    4.0
  28.04                                        1.0   16.0
  28.06                                        1.0    3.0
  28.07                                        1.0    8.0
  28.08                                        1.0    9.0
  28.09                                        1.0    6.0
  28.1                                         1.0    2.0
  28.12                                        1.0    8.0
  28.13                                        1.0    3.0
  28.15                                        1.0    3.0
  28.17                                        1.0    3.0
  28.19                                        1.0    4.0
  28.2                                         1.0    3.0
  28.21                                        1.0    2.0
  28.22                                        1.0    2.0
  28.23                                        1.0    9.0
  28.24                                        1.0    2.0
  28.25                                        1.0    3.0
  28.26                                        1.0    4.0
  28.27                                        1.0    2.0
  28.28                                        1.0    6.0
  28.3                                         1.0    6.0
  28.31                                        1.0    8.0
  28.33                                        1.0    6.0
  28.34                                        1.0    4.0
  28.35                                        1.0    4.0
  28.37                                        1.0    2.0
  28.38                                        1.0    5.0
  28.39                                        1.0    5.0
  28.4                                         1.0    4.0
  28.41                                        1.0    3.0
  28.44                                        1.0    7.0
  28.45                                        1.0    2.0
  28.46                                        1.0    2.0
  28.48                                        1.0    2.0
  28.5                                         1.0    2.0
  28.51                                        1.0    6.0
  28.52                                        1.0    5.0
  28.54                                        1.0    2.0
  28.55                                        1.0    6.0
  28.57                                        1.0    6.0
  28.58                                        1.0    3.0
  28.62                                        1.0    5.0
  28.63                                        1.0    3.0
  28.65                                        1.0    3.0
  28.66                                        1.0    2.0
  28.67                                        1.0    6.0
  28.69                                        1.0    7.0
  28.71                                        1.0    5.0
  28.72                                        1.0    7.0
  28.73                                        1.0    3.0
  28.74                                        1.0    3.0
  28.76                                        1.0    7.0
  28.78                                        1.0    2.0
  28.8                                         1.0    3.0
  28.81                                        1.0    2.0
  28.83                                        1.0    2.0
  28.84                                        1.0    7.0
  28.85                                        1.0    2.0
  28.88                                        1.0    4.0
  28.89                                        1.0    7.0
  28.91                                        1.0    2.0
  28.93                                        1.0    2.0
  28.94                                        1.0    2.0
  28.95                                        1.0    3.0
  28.96                                        1.0    4.0
  28.98                                        2.0    2.0
  28.99                                        1.0    2.0
  29                                           1.0    9.0
  29.01                                        1.0    2.0
  29.02                                        1.0    4.0
  29.03                                        1.0    6.0
  29.04                                        1.0    3.0
  29.05                                        1.0    8.0
  29.06                                        1.0    7.0
  29.07                                        1.0    6.0
  29.08                                        1.0    2.0
  29.09                                        1.0    2.0
  29.1                                         1.0    2.0
  29.14                                        1.0    8.0
  29.15                                        1.0    3.0
  29.16                                        1.0    2.0
  29.17                                        1.0    4.0
  29.19                                        1.0    3.0
  29.21                                        1.0    3.0
  29.22                                        1.0    9.0
  29.23                                        1.0    2.0
  29.24                                        1.0    6.0
  29.25                                        1.0    3.0
  29.26                                        1.0    3.0
  29.27                                        2.0    1.0
  29.28                                        1.0    3.0
  29.3                                         1.0    9.0
  29.31                                        1.0    2.0
  29.32                                        1.0    7.0
  29.33                                        1.0    5.0
  29.34                                        1.0    3.0
  29.36                                        1.0    3.0
  29.37                                        1.0    4.0
  29.38                                        1.0    6.0
  29.39                                        1.0    6.0
  29.4                                         1.0    3.0
  29.41                                        1.0    9.0
  29.42                                        1.0    2.0
  29.43                                        1.0    3.0
  29.45                                        1.0    2.0
  29.48                                        2.0    5.0
  29.55                                        2.0    4.0
  29.56                                        1.0    4.0
  29.57                                        1.0    3.0
  29.59                                        1.0    3.0
  29.62                                        1.0    6.0
  29.63                                        1.0    2.0
  29.64                                        1.0   10.0
  29.65                                        1.0    3.0
  29.67                                        2.0    9.0
  29.69                                        1.0    2.0
  29.71                                        1.0    6.0
  29.72                                        1.0    2.0
  29.73                                        2.0    4.0
  29.74                                        1.0    4.0
  29.75                                        1.0    7.0
  29.76                                        1.0   14.0
  29.78                                        2.0    5.0
  29.81                                        1.0    2.0
  29.82                                        1.0    2.0
  29.84                                        1.0    2.0
  29.85                                        1.0    3.0
  29.86                                        1.0    2.0
  29.89                                        1.0    2.0
  29.9                                         1.0    6.0
  29.92                                        1.0    2.0
  29.93                                        1.0    2.0
  29.94                                        1.0    6.0
  29.95                                        1.0    2.0
  29.96                                        1.0    3.0
  29.97                                        1.0    7.0
  30                                           1.0    8.0
  30.02                                        1.0    7.0
  30.04                                        1.0    7.0
  30.06                                        1.0    4.0
  30.07                                        1.0    2.0
  30.08                                        1.0    8.0
  30.1                                         1.0    4.0
  30.11                                        1.0    9.0
  30.12                                        1.0    9.0
  30.13                                        1.0    3.0
  30.14                                        1.0    2.0
  30.15                                        1.0    2.0
  30.2                                         1.0    2.0
  30.22                                        1.0    3.0
  30.23                                        1.0    2.0
  30.25                                        1.0    2.0
  30.26                                        1.0    6.0
  30.27                                        1.0    2.0
  30.28                                        1.0    3.0
  30.3                                         1.0    9.0
  30.33                                        1.0    4.0
  30.34                                        1.0    2.0
  30.36                                        1.0    5.0
  30.37                                        2.0    1.0
  30.39                                        1.0    7.0
  30.41                                        1.0    8.0
  30.42                                        1.0    5.0
  30.43                                        1.0    5.0
  30.44                                        1.0    3.0
  30.45                                        1.0    2.0
  30.46                                        2.0    4.0
  30.47                                        1.0    6.0
  30.48                                        1.0   10.0
  30.49                                        1.0    8.0
  30.53                                        1.0    2.0
  30.54                                        1.0    2.0
  30.56                                        1.0    2.0
  30.57                                        1.0    2.0
  30.58                                        1.0    2.0
  30.59                                        1.0    4.0
  30.62                                        1.0    2.0
  30.63                                        1.0    2.0
  30.65                                        1.0    2.0
  30.66                                        1.0    2.0
  30.67                                        1.0    3.0
  30.7                                         1.0    6.0
  30.73                                        1.0    3.0
  30.74                                        1.0    2.0
  30.76                                        1.0    4.0
  30.77                                        1.0    2.0
  30.78                                        1.0    5.0
  30.8                                         1.0    5.0
  30.81                                        2.0    3.0
  30.82                                        1.0    6.0
  30.83                                        1.0    3.0
  30.84                                        1.0    4.0
  30.85                                        1.0    8.0
  30.86                                        1.0   12.0
  30.87                                        1.0    2.0
  30.92                                        1.0    2.0
  30.95                                        1.0    2.0
  30.96                                        1.0    3.0
  30.99                                        1.0    3.0
  31.01                                        1.0    4.0
  31.02                                        1.0    3.0
  31.04                                        1.0    4.0
  31.05                                        1.0    5.0
  31.08                                        1.0    6.0
  31.1                                         1.0    2.0
  31.11                                        1.0    6.0
  31.12                                        1.0    2.0
  31.14                                        1.0    5.0
  31.15                                        1.0    2.0
  31.16                                        1.0    5.0
  31.17                                        1.0    2.0
  31.18                                        1.0   10.0
  31.19                                        1.0    2.0
  31.2                                         1.0    5.0
  31.21                                        1.0    2.0
  31.22                                        1.0    7.0
  31.23                                        2.0    7.0
  31.24                                        1.0    7.0
  31.25                                        1.0   14.0
  31.3                                         1.0    2.0
  31.35                                        1.0    2.0
  31.37                                        1.0    2.0
  31.41                                        1.0    2.0
  31.43                                        1.0    2.0
  31.44                                        1.0    2.0
  31.45                                        1.0    4.0
  31.46                                        1.0    2.0
  31.47                                        1.0    2.0
  31.49                                        1.0    2.0
  31.5                                         1.0    2.0
  31.53                                        1.0    2.0
  31.55                                        1.0    2.0
  31.56                                        1.0    4.0
  31.57                                        1.0    3.0
  31.58                                        1.0    2.0
  31.59                                        1.0    2.0
  31.6                                         1.0   10.0
  31.61                                        1.0    4.0
  31.62                                        2.0    6.0
  31.63                                        1.0    9.0
  31.64                                        1.0   13.0
  31.65                                        1.0    3.0
  31.67                                        1.0    2.0
  31.74                                        1.0    2.0
  31.77                                        1.0    2.0
  31.78                                        1.0    2.0
  31.79                                        1.0    2.0
  31.8                                         1.0    3.0
  31.82                                        1.0    2.0
  31.83                                        1.0    3.0
  31.84                                        1.0    2.0
  31.85                                        1.0    4.0
  31.86                                        1.0    2.0
  31.87                                        1.0    4.0
  31.88                                        1.0    2.0
  31.89                                        1.0    2.0
  31.9                                         1.0    2.0
  31.92                                        1.0    2.0
  31.93                                        1.0    5.0
  31.94                                        1.0    2.0
  31.96                                        1.0    4.0
  31.98                                        1.0    5.0
  32                                           1.0    8.0
  32.01                                        1.0    4.0
  32.02                                        1.0    3.0
  32.03                                        1.0    6.0
  32.04                                        1.0    4.0
  32.05                                        1.0   10.0
  32.12                                        1.0    2.0
  32.14                                        1.0    2.0
  32.2                                         1.0    2.0
  32.21                                        1.0    3.0
  32.23                                        1.0    2.0
  32.24                                        1.0    7.0
  32.25                                        1.0    2.0
  32.26                                        1.0    3.0
  32.27                                        1.0    3.0
  32.32                                        1.0    3.0
  32.33                                        1.0    2.0
  32.35                                        1.0    2.0
  32.37                                        1.0    3.0
  32.39                                        1.0    6.0
  32.41                                        1.0    5.0
  32.42                                        1.0    2.0
  32.44                                        1.0    4.0
  32.45                                        1.0    6.0
  32.46                                        1.0    7.0
  32.47                                        1.0   10.0
  32.53                                        1.0    2.0
  32.55                                        1.0    2.0
  32.56                                        1.0    2.0
  32.57                                        1.0    2.0
  32.58                                        1.0    2.0
  32.6                                         1.0    3.0
  32.61                                        1.0    2.0
  32.63                                        1.0    2.0
  32.64                                        1.0    2.0
  32.66                                        1.0    2.0
  32.67                                        1.0    2.0
  32.68                                        1.0    3.0
  32.69                                        1.0    2.0
  32.72                                        1.0    2.0
  32.74                                        1.0    4.0
  32.77                                        1.0    2.0
  32.79                                        2.0    4.0
  32.81                                        1.0    3.0
  32.85                                        1.0    2.0
  32.86                                        1.0    3.0
  32.87                                        1.0   10.0
  32.88                                        1.0    3.0
  32.89                                        1.0   11.0
  32.91                                        1.0    4.0
  32.93                                        1.0    2.0
  32.95                                        1.0    2.0
  32.98                                        1.0    3.0
  33.03                                        1.0    3.0
  33.05                                        1.0    2.0
  33.06                                        1.0    2.0
  33.09                                        1.0    5.0
  33.1                                         1.0    2.0
  33.11                                        1.0    2.0
  33.18                                        1.0    3.0
  33.19                                        1.0    2.0
  33.2                                         1.0    2.0
  33.22                                        1.0    4.0
  33.23                                        1.0    4.0
  33.25                                        1.0    5.0
  33.27                                        1.0    3.0
  33.28                                        1.0    7.0
  33.29                                        1.0    3.0
  33.3                                         1.0    6.0
  33.31                                        1.0    8.0
  33.32                                        1.0    2.0
  33.33                                        1.0   11.0
  33.43                                        1.0    2.0
  33.46                                        1.0    3.0
  33.48                                        1.0    2.0
  33.5                                         1.0    3.0
  33.51                                        1.0    2.0
  33.52                                        1.0    2.0
  33.53                                        1.0    3.0
  33.55                                        1.0    2.0
  33.56                                        1.0    3.0
  33.59                                        1.0    3.0
  33.61                                        1.0    2.0
  33.62                                        1.0    2.0
  33.63                                        1.0    2.0
  33.65                                        1.0    3.0
  33.67                                        1.0    5.0
  33.69                                        2.0    4.0
  33.71                                        1.0    3.0
  33.73                                        1.0    2.0
  33.75                                        1.0    2.0
  33.76                                        1.0    3.0
  33.77                                        1.0    4.0
  33.78                                        1.0    4.0
  33.79                                        1.0    2.0
  33.83                                        1.0    2.0
  33.84                                        1.0    2.0
  33.85                                        1.0    2.0
  33.87                                        1.0    2.0
  33.9                                         1.0    2.0
  33.92                                        1.0    2.0
  33.93                                        1.0    2.0
  33.95                                        1.0    4.0
  33.96                                        1.0    2.0
  33.98                                        1.0    3.0
  33.99                                        1.0    2.0
  34                                           1.0    3.0
  34.01                                        1.0    2.0
  34.02                                        1.0    3.0
  34.05                                        1.0    6.0
  34.08                                        1.0    3.0
  34.09                                        1.0    2.0
  34.11                                        2.0    2.0
  34.13                                        1.0    2.0
  34.15                                        1.0    2.0
  34.16                                        1.0    3.0
  34.17                                        1.0    4.0
  34.19                                        1.0    2.0
  34.2                                         1.0    3.0
  34.21                                        1.0    3.0
  34.23                                        1.0    3.0
  34.24                                        1.0    6.0
  34.26                                        1.0    2.0
  34.29                                        1.0    2.0
  34.34                                        1.0    4.0
  34.36                                        1.0    2.0
  34.38                                        1.0    3.0
  34.4                                         1.0    2.0
  34.41                                        1.0    4.0
  34.42                                        2.0    3.0
  34.43                                        1.0    2.0
  34.45                                        1.0    3.0
  34.46                                        1.0    2.0
  34.47                                        1.0    2.0
  34.48                                        1.0    3.0
  34.52                                        1.0    5.0
  34.54                                        1.0    2.0
  34.55                                        1.0    3.0
  34.58                                        1.0    3.0
  34.59                                        1.0    2.0
  34.6                                         1.0    2.0
  34.63                                        2.0    7.0
  34.65                                        1.0    2.0
  34.67                                        1.0    5.0
  34.68                                        1.0    2.0
  34.69                                        1.0    2.0
  34.71                                        1.0    3.0
  34.72                                        1.0    7.0
  34.76                                        1.0    2.0
  34.77                                        1.0    3.0
  34.78                                        1.0    2.0
  34.81                                        1.0    2.0
  34.85                                        1.0    3.0
  34.89                                        1.0    4.0
  34.9                                         1.0    2.0
  34.93                                        1.0    2.0
  34.94                                        1.0    2.0
  34.96                                        1.0    2.0
  35                                           1.0    2.0
  35.06                                        2.0    3.0
  35.08                                        1.0    3.0
  35.09                                        1.0    3.0
  35.11                                        1.0    5.0
  35.15                                        1.0    2.0
  35.16                                        1.0    2.0
  35.17                                        1.0    3.0
  35.2                                         1.0    5.0
  35.25                                        1.0    5.0
  35.26                                        1.0    2.0
  35.28                                        1.0    2.0
  35.32                                        1.0    2.0
  35.38                                        1.0    3.0
  35.42                                        1.0    5.0
  35.46                                        1.0    2.0
  35.49                                        1.0    3.0
  35.52                                        1.0    4.0
  35.55                                        1.0    2.0
  35.56                                        1.0    7.0
  35.57                                        1.0    2.0
  35.59                                        1.0    2.0
  35.61                                        1.0    2.0
  35.63                                        1.0    2.0
  35.65                                        1.0    3.0
  35.7                                         1.0    2.0
  35.75                                        1.0    2.0
  35.76                                        1.0    2.0
  35.79                                        1.0    2.0
  35.8                                         1.0    3.0
  35.84                                        1.0    4.0
  35.86                                        1.0    2.0
  35.88                                        1.0    3.0
  35.89                                        1.0    2.0
  35.92                                        1.0    2.0
  35.94                                        1.0    2.0
  35.96                                        1.0    2.0
  36                                           1.0    3.0
  36.05                                        1.0    3.0
  36.08                                        1.0    2.0
  36.11                                        1.0    2.0
  36.15                                        1.0    5.0
  36.16                                        1.0    2.0
  36.17                                        1.0    2.0
  36.2                                         1.0    2.0
  36.26                                        1.0    3.0
  36.31                                        2.0    4.0
  36.33                                        2.0    1.0
  36.37                                        1.0    2.0
  36.4                                         1.0    2.0
  36.41                                        1.0    2.0
  36.44                                        1.0    2.0
  36.45                                        1.0    2.0
  36.48                                        1.0    2.0
  36.51                                        1.0    3.0
  36.52                                        1.0    2.0
  36.54                                        1.0    3.0
  36.56                                        1.0    2.0
  36.57                                        1.0    2.0
  36.58                                        1.0    2.0
  36.62                                        1.0    3.0
  36.63                                        1.0    3.0
  36.67                                        1.0    2.0
  36.68                                        1.0    3.0
  36.71                                        1.0    2.0
  36.76                                        1.0    2.0
  36.79                                        1.0    2.0
  36.81                                        1.0    2.0
  36.85                                        1.0    2.0
  36.89                                        1.0    3.0
  36.92                                        1.0    2.0
  36.94                                        1.0    2.0
  36.98                                        1.0    4.0
  37.02                                        1.0    4.0
  37.03                                        1.0    3.0
  37.04                                        1.0    3.0
  37.05                                        1.0    2.0
  37.1                                         1.0    2.0
  37.18                                        1.0    3.0
  37.22                                        1.0    2.0
  37.28                                        1.0    2.0
  37.32                                        1.0    2.0
  37.33                                        1.0    2.0
  37.35                                        1.0    2.0
  37.39                                        2.0    3.0
  37.44                                        1.0    2.0
  37.46                                        1.0    4.0
  37.48                                        1.0    3.0
  37.53                                        1.0    2.0
  37.57                                        1.0    2.0
  37.64                                        1.0    4.0
  37.65                                        1.0    2.0
  37.66                                        1.0    3.0
  37.74                                        1.0    2.0
  37.81                                        1.0    5.0
  37.84                                        2.0    2.0
  37.88                                        1.0    3.0
  37.89                                        1.0    2.0
  38                                           1.0    2.0
  38.09                                        1.0    3.0
  38.1                                         1.0    5.0
  38.19                                        1.0    2.0
  38.21                                        1.0    2.0
  38.22                                        2.0    2.0
  38.23                                        1.0    2.0
  38.29                                        1.0    2.0
  38.31                                        1.0    2.0
  38.35                                        1.0    3.0
  38.39                                        1.0    2.0
  38.41                                        1.0    3.0
  38.42                                        1.0    2.0
  38.44                                        1.0    2.0
  38.45                                        1.0    3.0
  38.52                                        1.0    3.0
  38.66                                        1.0    2.0
  38.67                                        1.0    3.0
  38.76                                        1.0    2.0
  38.77                                        1.0    3.0
  38.79                                        1.0    2.0
  38.87                                        1.0    4.0
  38.9                                         1.0    2.0
  38.95                                        1.0    3.0
  38.99                                        1.0    2.0
  39.03                                        1.0    3.0
  39.19                                        1.0    3.0
  39.21                                        1.0    3.0
  39.3                                         1.0    2.0
  39.35                                        1.0    2.0
  39.39                                        1.0    2.0
  39.41                                        1.0    2.0
  39.47                                        1.0    2.0
  39.48                                        1.0    2.0
  39.54                                        1.0    2.0
  39.56                                        1.0    3.0
  39.63                                        1.0    2.0
  39.8                                         1.0    2.0
  39.88                                        1.0    2.0
  39.9                                         1.0    2.0
  39.91                                        1.0    2.0
  39.95                                        1.0    2.0
  40.04                                        1.0    2.0
  40.05                                        1.0    2.0
  40.12                                        1.0    2.0
  40.13                                        1.0    2.0
  40.23                                        1.0    2.0
  40.24                                        1.0    2.0
  40.37                                        1.0    2.0
  40.48                                        1.0    2.0
  40.68                                        1.0    2.0
  40.74                                        1.0    2.0
  40.79                                        1.0    2.0
  40.81                                        1.0    2.0
  40.83                                        1.0    2.0
  40.88                                        1.0    2.0
  40.9                                         1.0    2.0
  40.92                                        1.0    2.0
  40.95                                        1.0    2.0
  40.98                                        1.0    2.0
  41.15                                        1.0    3.0
  41.16                                        1.0    2.0
  41.23                                        1.0    2.0
  41.38                                        1.0    2.0
  41.55                                        1.0    2.0
  41.56                                        1.0    3.0
  41.64                                        1.0    2.0
  41.66                                        1.0    2.0
  41.86                                        1.0    2.0
  41.91                                        1.0    2.0
  41.98                                        1.0    2.0
  42                                           1.0    2.0
  42.1                                         1.0    2.0
  42.22                                        1.0    2.0
  42.32                                        1.0    2.0
  42.82                                        1.0    2.0
  42.86                                        1.0    2.0
  42.91                                        1.0    2.0
  43.28                                        1.0    2.0
  43.42                                        1.0    2.0
  43.5                                         1.0    2.0
  43.66                                        1.0    2.0
  43.78                                        1.0    2.0
  43.86                                        1.0    2.0
  43.96                                        1.0    2.0
  44.38                                        1.0    3.0
  44.62                                        1.0    2.0
  45.09                                        1.0    2.0
  45.31                                        1.0    2.0
  45.49                                        1.0    2.0
  45.56                                        2.0    1.0
  48.68                                        1.0    2.0
  49.1                                         1.0    2.0
  54.07                                        1.0    2.0
  55.56                                        1.0    2.0
  56.02                                        1.0    2.0
  [total]                                   1275.0 3374.0

Family history of diabetes
  0                                          205.0 1557.0
  1                                           15.0  762.0
  [total]                                    220.0 2319.0

Systolic blood pressure
  80                                           2.0   12.0
  85                                           2.0    6.0
  90                                          20.0   79.0
  95                                           6.0    6.0
  100                                         48.0  273.0
  105                                          4.0   10.0
  110                                         48.0  409.0
  115                                          2.0   23.0
  120                                         39.0  513.0
  125                                          6.0   41.0
  130                                         24.0  281.0
  135                                          3.0   36.0
  136                                          1.0    2.0
  138                                          1.0    2.0
  140                                         19.0  232.0
  142                                          1.0    2.0
  143                                          1.0    2.0
  144                                          1.0    2.0
  145                                          3.0   18.0
  150                                          6.0  128.0
  155                                          2.0    4.0
  156                                          1.0    2.0
  160                                          1.0  124.0
  163                                          1.0    2.0
  165                                          1.0    5.0
  170                                          1.0   56.0
  175                                          1.0    3.0
  176                                          1.0    2.0
  178                                          1.0    3.0
  180                                          1.0   34.0
  190                                          1.0   10.0
  195                                          1.0    3.0
  200                                          1.0   14.0
  210                                          1.0    6.0
  220                                          1.0    2.0
  230                                          1.0    3.0
  250                                          1.0    4.0
  [total]                                    255.0 2354.0

Diastolic blood pressure
  35                                           1.0    2.0
  40                                           1.0    3.0
  50                                           6.0   14.0
  55                                           2.0    3.0
  60                                          52.0  282.0
  64                                           1.0    2.0
  65                                           3.0    8.0
  70                                          51.0  484.0
  75                                           9.0   35.0
  76                                           1.0    2.0
  78                                           1.0    4.0
  80                                          64.0  759.0
  85                                           6.0   68.0
  88                                           1.0    2.0
  89                                           1.0    2.0
  90                                          22.0  311.0
  91                                           1.0    2.0
  92                                           1.0    2.0
  93                                           1.0    2.0
  95                                           2.0   20.0
  97                                           1.0    4.0
  100                                         11.0  231.0
  105                                          1.0    8.0
  106                                          1.0    2.0
  110                                          2.0   52.0
  120                                          1.0   29.0
  130                                          1.0    7.0
  137                                          1.0    2.0
  140                                          1.0    2.0
  180                                          1.0    2.0
  200                                          1.0    2.0
  [total]                                    249.0 2348.0

result of  high blood pressure screening
  0                                          194.0 1547.0
  1                                           13.0  478.0
  2                                           14.0  295.0
  [total]                                    221.0 2320.0



Time taken to build model: 0 seconds

=== Stratified cross-validation ===
=== Summary ===

Correctly Classified Instances        2311               91.1637 %
Incorrectly Classified Instances       224                8.8363 %
Kappa statistic                          0.2255
Mean absolute error                      0.1468
Root mean squared error                  0.2677
Relative absolute error                 93.2008 %
Root relative squared error             95.4779 %
Total Number of Instances             2535     

=== Detailed Accuracy By Class ===

                 TP Rate  FP Rate  Precision  Recall   F-Measure  MCC      ROC Area  PRC Area  Class
                 0.183    0.020    0.465      0.183    0.263      0.253    0.791     0.300     0
                 0.980    0.817    0.927      0.980    0.953      0.253    0.791     0.973     1
Weighted Avg.    0.912    0.748    0.888      0.912    0.894      0.253    0.791     0.915     

=== Confusion Matrix ===

    a    b   <-- classified as
   40  178 |    a = 0
   46 2271 |    b = 1

