=== Run information ===

Scheme:       weka.classifiers.bayes.NaiveBayes 
Relation:     SVM_RFE_Selected-weka.filters.unsupervised.attribute.NumericToNominal-Rfirst-last
Instances:    768
Attributes:   6
              Pregnancies
              Glucose
              BMI
              DiabetesPedigreeFunction
              Age
              Outcome
Test mode:    10-fold cross-validation

=== Classifier model (full training set) ===

Naive Bayes Classifier

                            Class
Attribute                       0      1
                           (0.65) (0.35)
=========================================
Pregnancies
  1                          107.0   30.0
  1.56                         2.0    1.0
  1.66                         2.0    1.0
  1.84                         2.0    1.0
  1.86                         1.0    2.0
  2                           85.0   20.0
  2.09                         2.0    1.0
  2.13                         2.0    1.0
  2.14                         2.0    1.0
  2.15                         2.0    1.0
  2.22                         1.0    2.0
  2.23                         3.0    1.0
  2.32                         2.0    2.0
  2.33                         2.0    1.0
  2.34                         1.0    2.0
  2.35                         2.0    1.0
  2.39                         2.0    1.0
  2.43                         2.0    1.0
  2.44                         1.0    2.0
  2.47                         2.0    1.0
  2.49                         2.0    1.0
  2.64                         2.0    2.0
  2.65                         2.0    1.0
  2.7                          2.0    1.0
  2.72                         2.0    1.0
  2.73                         2.0    1.0
  2.74                         1.0    2.0
  2.77                         2.0    1.0
  2.78                         2.0    1.0
  2.8                          2.0    1.0
  2.82                         2.0    1.0
  2.85                         2.0    1.0
  2.89                         2.0    1.0
  2.9                          2.0    1.0
  2.97                         1.0    3.0
  3                           50.0   28.0
  3.08                         2.0    1.0
  3.09                         2.0    1.0
  3.1                          2.0    1.0
  3.19                         2.0    1.0
  3.21                         2.0    1.0
  3.29                         2.0    1.0
  3.38                         3.0    1.0
  3.42                         2.0    1.0
  3.46                         2.0    1.0
  3.52                         1.0    2.0
  3.56                         2.0    1.0
  3.58                         1.0    2.0
  3.61                         1.0    2.0
  3.73                         2.0    1.0
  3.76                         2.0    1.0
  3.77                         2.0    1.0
  3.8                          1.0    2.0
  3.82                         1.0    2.0
  3.84                         1.0    2.0
  3.89                         2.0    1.0
  3.93                         1.0    2.0
  3.98                         2.0    1.0
  4                           46.0   24.0
  4.01                         2.0    1.0
  4.05                         2.0    1.0
  4.06                         2.0    1.0
  4.08                         1.0    2.0
  4.18                         2.0    1.0
  4.19                         1.0    2.0
  4.2                          1.0    2.0
  4.22                         1.0    2.0
  4.25                         1.0    2.0
  4.31                         2.0    1.0
  4.32                         1.0    2.0
  4.37                         1.0    2.0
  4.43                         2.0    1.0
  4.49                         2.0    1.0
  4.53                         2.0    1.0
  4.55                         2.0    1.0
  4.57                         3.0    1.0
  4.59                         2.0    1.0
  4.65                         2.0    1.0
  4.71                         2.0    1.0
  4.78                         1.0    2.0
  4.88                         2.0    1.0
  4.92                         1.0    2.0
  4.93                         1.0    2.0
  4.96                         2.0    1.0
  5                           37.0   23.0
  5.08                         1.0    2.0
  5.1                          1.0    2.0
  5.11                         1.0    2.0
  5.17                         1.0    2.0
  5.22                         2.0    1.0
  5.44                         1.0    2.0
  5.48                         2.0    1.0
  5.49                         1.0    2.0
  5.57                         2.0    1.0
  5.58                         1.0    2.0
  5.81                         2.0    1.0
  5.86                         2.0    1.0
  6                           35.0   17.0
  6.11                         2.0    1.0
  6.24                         2.0    1.0
  6.33                         1.0    2.0
  6.65                         2.0    1.0
  6.81                         1.0    2.0
  7                           21.0   26.0
  7.01                         2.0    1.0
  7.03                         2.0    1.0
  7.15                         2.0    1.0
  7.21                         1.0    2.0
  7.22                         1.0    2.0
  7.39                         2.0    1.0
  8                           17.0   23.0
  9                           11.0   19.0
  10                          15.0   11.0
  11                           5.0    8.0
  12                           6.0    5.0
  13                           6.0    6.0
  14                           1.0    3.0
  15                           1.0    2.0
  17                           1.0    2.0
  [total]                    619.0  387.0

Glucose
  44                           2.0    1.0
  56                           2.0    1.0
  57                           3.0    1.0
  61                           2.0    1.0
  62                           2.0    1.0
  65                           2.0    1.0
  67                           2.0    1.0
  68                           4.0    1.0
  71                           5.0    1.0
  72                           2.0    1.0
  73                           4.0    1.0
  74                           5.0    1.0
  75                           3.0    1.0
  76                           3.0    1.0
  77                           3.0    1.0
  78                           4.0    2.0
  79                           4.0    1.0
  80                           6.0    2.0
  81                           7.0    1.0
  82                           4.0    1.0
  83                           7.0    1.0
  84                          10.0    2.0
  85                           7.0    2.0
  86                           4.0    1.0
  87                           8.0    1.0
  88                           9.0    2.0
  89                           7.0    1.0
  90                          10.0    3.0
  91                          10.0    1.0
  91.12                        2.0    1.0
  92                           9.0    2.0
  93                           7.0    2.0
  94                           8.0    1.0
  95                          11.0    4.0
  96                           9.0    1.0
  97                           8.0    3.0
  98                           4.0    1.0
  98.14                        2.0    1.0
  99                          18.0    1.0
  100                         14.0    5.0
  101                          9.0    2.0
  102                         10.0    5.0
  102.54                       2.0    1.0
  103                          9.0    2.0
  104                          4.0    4.0
  105                         11.0    4.0
  106                         14.0    2.0
  107                          9.0    4.0
  108                         11.0    4.0
  109                          8.0    6.0
  110                          7.0    1.0
  111                         12.0    4.0
  112                         10.0    5.0
  113                          4.0    3.0
  114                         10.0    3.0
  115                          5.0    7.0
  116                          7.0    2.0
  117                         10.0    3.0
  118                          5.0    3.0
  119                          8.0    5.0
  120                          9.0    4.0
  121                          5.0    3.0
  122                         10.0    4.0
  123                          8.0    3.0
  124                          7.0    6.0
  125                          8.0    8.0
  126                          8.0    3.0
  127                          6.0    1.0
  128                          6.0    7.0
  129                          9.0    7.0
  130                          5.0    4.0
  131                          3.0    4.0
  131.47                       1.0    2.0
  132                          4.0    3.0
  132.59                       1.0    2.0
  133                          4.0    3.0
  134                          3.0    5.0
  135                          3.0    3.0
  136                          5.0    5.0
  137                          7.0    3.0
  138                          3.0    4.0
  139                          7.0    3.0
  140                          3.0    4.0
  141                          4.0    3.0
  142                          4.0    3.0
  143                          5.0    3.0
  144                          4.0    5.0
  145                          2.0    5.0
  146                          5.0    6.0
  147                          5.0    4.0
  148                          2.0    4.0
  149                          1.0    2.0
  150                          3.0    2.0
  151                          4.0    4.0
  152                          2.0    4.0
  153                          3.0    1.0
  154                          6.0    2.0
  155                          2.0    5.0
  156                          1.0    4.0
  157                          3.0    1.0
  158                          3.0    7.0
  159                          2.0    2.0
  160                          1.0    2.0
  161                          2.0    3.0
  162                          2.0    6.0
  163                          1.0    4.0
  164                          2.0    3.0
  165                          4.0    2.0
  166                          2.0    3.0
  167                          1.0    4.0
  168                          1.0    5.0
  169                          1.0    2.0
  170                          1.0    3.0
  171                          1.0    4.0
  172                          1.0    2.0
  173                          2.0    6.0
  174                          1.0    3.0
  175                          2.0    2.0
  176                          1.0    3.0
  177                          1.0    2.0
  178                          1.0    2.0
  179                          3.0    4.0
  180                          2.0    5.0
  181                          1.0    6.0
  182                          1.0    2.0
  183                          2.0    3.0
  184                          1.0    4.0
  186                          1.0    2.0
  187                          1.0    5.0
  188                          1.0    3.0
  189                          2.0    4.0
  190                          1.0    2.0
  191                          2.0    1.0
  193                          2.0    2.0
  194                          2.0    3.0
  195                          1.0    3.0
  196                          1.0    4.0
  197                          2.0    4.0
  198                          1.0    2.0
  199                          1.0    2.0
  [total]                    640.0  408.0

BMI
  18.2                         4.0    1.0
  18.4                         2.0    1.0
  19.1                         2.0    1.0
  19.3                         2.0    1.0
  19.4                         2.0    1.0
  19.5                         3.0    1.0
  19.6                         4.0    1.0
  19.9                         2.0    1.0
  20                           2.0    1.0
  20.1                         2.0    1.0
  20.4                         3.0    1.0
  20.8                         3.0    1.0
  21                           3.0    1.0
  21.1                         5.0    1.0
  21.2                         2.0    1.0
  21.7                         2.0    1.0
  21.8                         6.0    1.0
  21.9                         4.0    1.0
  22.1                         3.0    1.0
  22.2                         3.0    1.0
  22.3                         2.0    1.0
  22.4                         3.0    1.0
  22.5                         4.0    1.0
  22.6                         3.0    1.0
  22.7                         2.0    1.0
  22.9                         2.0    2.0
  23                           3.0    1.0
  23.1                         5.0    1.0
  23.2                         4.0    1.0
  23.3                         2.0    2.0
  23.4                         1.0    2.0
  23.5                         3.0    2.0
  23.6                         4.0    1.0
  23.7                         3.0    1.0
  23.8                         2.0    2.0
  23.9                         3.0    1.0
  24                           5.0    1.0
  24.1                         2.0    1.0
  24.2                         7.0    1.0
  24.3                         4.0    2.0
  24.4                         4.0    1.0
  24.5                         2.0    1.0
  24.6                         5.0    1.0
  24.7                         6.0    1.0
  24.8                         3.0    2.0
  24.9                         2.0    1.0
  25                           7.0    1.0
  25.1                         3.0    2.0
  25.2                         7.0    1.0
  25.3                         3.0    1.0
  25.4                         5.0    1.0
  25.5                         2.0    2.0
  25.6                         6.0    2.0
  25.8                         2.0    2.0
  25.9                         7.0    2.0
  26                           5.0    1.0
  26.1                         4.0    1.0
  26.2                         5.0    1.0
  26.3                         2.0    1.0
  26.4                         3.0    2.0
  26.5                         3.0    2.0
  26.6                         4.0    2.0
  26.7                         2.0    1.0
  26.8                         4.0    2.0
  26.9                         2.0    1.0
  27                           2.0    2.0
  27.1                         3.0    2.0
  27.2                         3.0    1.0
  27.3                         5.0    1.0
  27.4                         4.0    3.0
  27.48                        2.0    1.0
  27.5                         4.0    3.0
  27.6                         5.0    4.0
  27.7                         5.0    1.0
  27.8                         8.0    1.0
  27.9                         1.0    3.0
  28                           5.0    2.0
  28.1                         2.0    1.0
  28.2                         2.0    2.0
  28.3                         2.0    2.0
  28.4                         4.0    4.0
  28.5                         4.0    1.0
  28.6                         3.0    1.0
  28.7                         7.0    2.0
  28.8                         3.0    1.0
  28.9                         4.0    4.0
  29                           4.0    3.0
  29.2                         2.0    1.0
  29.3                         5.0    2.0
  29.43                        2.0    1.0
  29.47                        2.0    1.0
  29.5                         5.0    2.0
  29.57                        2.0    1.0
  29.6                         4.0    2.0
  29.7                         6.0    4.0
  29.76                        2.0    1.0
  29.8                         4.0    1.0
  29.9                         4.0    3.0
  30                           4.0    5.0
  30.1                         7.0    4.0
  30.2                         2.0    1.0
  30.3                         1.0    2.0
  30.4                         4.0    5.0
  30.5                         3.0    6.0
  30.7                         2.0    1.0
  30.8                         8.0    3.0
  30.9                         4.0    3.0
  30.99                        2.0    1.0
  31                           2.0    2.0
  31.1                         1.0    2.0
  31.2                         8.0    6.0
  31.3                         2.0    1.0
  31.6                         6.0    8.0
  31.9                         3.0    1.0
  32                           9.0    6.0
  32.06                        2.0    1.0
  32.1                         2.0    1.0
  32.2                         2.0    1.0
  32.25                        1.0    2.0
  32.3                         1.0    4.0
  32.4                         7.0    5.0
  32.5                         5.0    3.0
  32.6                         2.0    1.0
  32.7                         2.0    3.0
  32.8                         7.0    4.0
  32.9                         2.0    9.0
  33.1                         4.0    1.0
  33.2                         8.0    1.0
  33.3                         5.0    7.0
  33.44                        2.0    1.0
  33.5                         2.0    1.0
  33.6                         5.0    5.0
  33.7                         3.0    4.0
  33.8                         4.0    3.0
  33.9                         2.0    2.0
  34                           5.0    3.0
  34.1                         4.0    3.0
  34.2                         5.0    5.0
  34.3                         3.0    5.0
  34.4                         4.0    2.0
  34.5                         3.0    4.0
  34.6                         3.0    4.0
  34.7                         4.0    2.0
  34.8                         2.0    2.0
  34.9                         4.0    4.0
  35                           2.0    4.0
  35.1                         3.0    2.0
  35.2                         2.0    2.0
  35.3                         5.0    1.0
  35.4                         4.0    2.0
  35.5                         5.0    4.0
  35.6                         2.0    2.0
  35.7                         4.0    2.0
  35.8                         5.0    2.0
  35.9                         3.0    4.0
  36                           2.0    2.0
  36.1                         3.0    2.0
  36.2                         2.0    1.0
  36.3                         2.0    3.0
  36.4                         1.0    3.0
  36.5                         2.0    4.0
  36.6                         3.0    4.0
  36.7                         2.0    1.0
  36.8                         6.0    2.0
  36.9                         4.0    1.0
  36.95                        2.0    1.0
  37                           1.0    2.0
  37.1                         1.0    3.0
  37.2                         4.0    2.0
  37.3                         2.0    1.0
  37.4                         3.0    2.0
  37.5                         2.0    2.0
  37.6                         4.0    3.0
  37.7                         4.0    3.0
  37.8                         2.0    3.0
  37.9                         1.0    3.0
  38                           1.0    3.0
  38.1                         4.0    1.0
  38.2                         3.0    3.0
  38.3                         2.0    1.0
  38.4                         2.0    2.0
  38.5                         4.0    4.0
  38.6                         2.0    1.0
  38.7                         3.0    2.0
  38.8                         2.0    1.0
  38.9                         2.0    1.0
  39                           3.0    3.0
  39.1                         3.0    3.0
  39.2                         2.0    2.0
  39.3                         2.0    1.0
  39.4                         5.0    4.0
  39.5                         3.0    2.0
  39.6                         2.0    1.0
  39.7                         2.0    1.0
  39.8                         2.0    2.0
  39.9                         2.0    3.0
  40                           2.0    2.0
  40.1                         2.0    1.0
  40.2                         2.0    1.0
  40.5                         3.0    2.0
  40.6                         5.0    1.0
  40.7                         2.0    1.0
  40.8                         2.0    1.0
  40.9                         1.0    3.0
  41                           1.0    2.0
  41.2                         1.0    2.0
  41.3                         3.0    2.0
  41.5                         3.0    1.0
  41.8                         1.0    2.0
  42                           1.0    2.0
  42.1                         2.0    2.0
  42.2                         2.0    1.0
  42.3                         1.0    4.0
  42.4                         2.0    3.0
  42.6                         1.0    2.0
  42.7                         3.0    1.0
  42.8                         2.0    1.0
  42.9                         2.0    4.0
  43.1                         1.0    2.0
  43.2                         1.0    2.0
  43.3                         2.0    5.0
  43.4                         2.0    2.0
  43.5                         3.0    1.0
  43.6                         1.0    3.0
  44                           1.0    3.0
  44.1                         1.0    2.0
  44.2                         2.0    2.0
  44.5                         2.0    2.0
  44.6                         2.0    1.0
  45                           2.0    1.0
  45.2                         2.0    1.0
  45.3                         4.0    1.0
  45.4                         1.0    2.0
  45.5                         1.0    2.0
  45.6                         1.0    3.0
  45.7                         1.0    2.0
  45.8                         1.0    2.0
  46.1                         2.0    2.0
  46.2                         2.0    2.0
  46.3                         2.0    1.0
  46.5                         2.0    1.0
  46.7                         2.0    1.0
  46.8                         2.0    2.0
  47.9                         2.0    2.0
  48.3                         1.0    2.0
  48.8                         1.0    2.0
  49.3                         1.0    2.0
  49.6                         1.0    2.0
  49.7                         1.0    2.0
  50                           1.0    2.0
  52.3                         2.0    2.0
  52.9                         1.0    2.0
  53.2                         1.0    2.0
  55                           1.0    2.0
  57.3                         2.0    1.0
  59.4                         1.0    2.0
  67.1                         1.0    2.0
  [total]                    757.0  525.0

DiabetesPedigreeFunction
  0.08                         5.0    1.0
  0.09                         4.0    2.0
  0.1                          5.0    1.0
  0.11                         3.0    1.0
  0.12                         6.0    2.0
  0.13                         8.0    6.0
  0.14                        14.0    5.0
  0.15                        10.0    5.0
  0.16                        13.0    6.0
  0.17                        10.0    1.0
  0.18                        10.0    5.0
  0.19                        17.0    1.0
  0.2                         14.0    7.0
  0.21                        10.0    4.0
  0.22                        10.0    4.0
  0.23                         7.0    7.0
  0.24                        19.0    9.0
  0.25                        13.0    7.0
  0.26                        23.0   14.0
  0.27                        11.0    6.0
  0.28                        13.0    5.0
  0.29                        14.0    3.0
  0.3                         15.0    5.0
  0.31                         7.0    2.0
  0.32                         8.0    4.0
  0.33                         6.0    6.0
  0.34                        11.0    9.0
  0.35                         5.0    4.0
  0.36                         5.0    8.0
  0.37                         6.0    3.0
  0.38                         7.0    5.0
  0.39                        10.0    1.0
  0.4                          7.0    7.0
  0.41                         6.0    3.0
  0.42                        10.0    3.0
  0.43                         9.0    3.0
  0.44                         6.0    5.0
  0.45                         6.0    4.0
  0.46                         6.0    3.0
  0.47                         6.0    2.0
  0.48                         4.0    3.0
  0.49                         5.0    1.0
  0.5                          9.0    4.0
  0.51                         5.0    3.0
  0.52                         5.0    3.0
  0.53                         6.0    4.0
  0.54                         2.0    8.0
  0.55                         7.0    4.0
  0.56                         7.0    3.0
  0.57                         3.0    3.0
  0.58                         5.0    4.0
  0.59                         6.0    5.0
  0.6                          8.0    2.0
  0.61                         5.0    2.0
  0.62                         3.0    2.0
  0.63                         4.0    3.0
  0.64                         3.0    4.0
  0.65                         6.0    4.0
  0.66                         4.0    4.0
  0.67                         4.0    3.0
  0.68                         4.0    3.0
  0.69                         7.0    6.0
  0.7                          8.0    2.0
  0.71                         2.0    2.0
  0.72                         4.0    4.0
  0.73                         5.0    5.0
  0.74                         4.0    5.0
  0.75                         2.0    1.0
  0.76                         2.0    4.0
  0.77                         4.0    2.0
  0.78                         1.0    2.0
  0.79                         2.0    2.0
  0.8                          3.0    3.0
  0.81                         2.0    2.0
  0.82                         3.0    3.0
  0.83                         4.0    3.0
  0.84                         4.0    2.0
  0.85                         1.0    2.0
  0.86                         2.0    2.0
  0.87                         2.0    3.0
  0.88                         4.0    3.0
  0.89                         3.0    2.0
  0.9                          2.0    3.0
  0.92                         2.0    2.0
  0.93                         3.0    3.0
  0.94                         2.0    1.0
  0.95                         3.0    1.0
  0.96                         2.0    4.0
  0.97                         3.0    3.0
  1                            2.0    2.0
  1.02                         3.0    1.0
  1.03                         1.0    2.0
  1.06                         1.0    2.0
  1.07                         1.0    2.0
  1.08                         2.0    1.0
  1.1                          4.0    1.0
  1.11                         1.0    2.0
  1.13                         1.0    2.0
  1.14                         2.0    3.0
  1.15                         1.0    2.0
  1.16                         3.0    1.0
  1.17                         2.0    1.0
  1.18                         1.0    2.0
  1.19                         1.0    3.0
  1.21                         1.0    2.0
  1.22                         1.0    4.0
  1.25                         2.0    1.0
  1.26                         1.0    2.0
  1.27                         2.0    1.0
  1.28                         1.0    2.0
  1.29                         1.0    2.0
  1.32                         1.0    3.0
  1.35                         1.0    2.0
  1.39                         1.0    4.0
  1.4                          2.0    1.0
  1.44                         2.0    1.0
  1.46                         2.0    1.0
  1.48                         2.0    1.0
  1.6                          2.0    1.0
  1.7                          3.0    1.0
  1.73                         2.0    1.0
  1.78                         2.0    1.0
  1.89                         1.0    2.0
  2.14                         1.0    2.0
  2.29                         1.0    2.0
  2.33                         2.0    1.0
  2.42                         1.0    2.0
  [total]                    627.0  395.0

Age
  21                          59.0    6.0
  22                          62.0   12.0
  23                          32.0    8.0
  24                          39.0    9.0
  25                          35.0   15.0
  26                          26.0    9.0
  27                          25.0    9.0
  28                          26.0   11.0
  29                          17.0   14.0
  30                          16.0    7.0
  31                          12.0   14.0
  32                           8.0   10.0
  33                           8.0   11.0
  34                          11.0    5.0
  35                           6.0    6.0
  36                           7.0   11.0
  37                          14.0    7.0
  38                           7.0   11.0
  39                          10.0    4.0
  40                           8.0    7.0
  41                          10.0   14.0
  42                          12.0    8.0
  43                           3.0   12.0
  44                           4.0    6.0
  45                           8.0    9.0
  46                           7.0    8.0
  47                           3.0    5.0
  48                           5.0    2.0
  49                           3.0    4.0
  50                           4.0    6.0
  51                           4.0    6.0
  52                           2.0    8.0
  53                           2.0    5.0
  54                           3.0    5.0
  55                           4.0    2.0
  56                           2.0    3.0
  57                           5.0    2.0
  58                           5.0    4.0
  59                           2.0    3.0
  60                           4.0    3.0
  61                           2.0    2.0
  62                           3.0    3.0
  63                           5.0    1.0
  64                           2.0    1.0
  65                           4.0    1.0
  66                           3.0    3.0
  67                           3.0    2.0
  68                           2.0    1.0
  69                           3.0    1.0
  70                           1.0    2.0
  72                           2.0    1.0
  81                           2.0    1.0
  [total]                    552.0  320.0



Time taken to build model: 0 seconds

=== Stratified cross-validation ===
=== Summary ===

Correctly Classified Instances         527               68.6198 %
Incorrectly Classified Instances       241               31.3802 %
Kappa statistic                          0.284 
Mean absolute error                      0.3449
Root mean squared error                  0.4572
Relative absolute error                 75.8738 %
Root relative squared error             95.9178 %
Total Number of Instances              768     

=== Detailed Accuracy By Class ===

                 TP Rate  FP Rate  Precision  Recall   F-Measure  MCC      ROC Area  PRC Area  Class
                 0.800    0.526    0.739      0.800    0.768      0.286    0.737     0.844     0
                 0.474    0.200    0.559      0.474    0.513      0.286    0.737     0.584     1
Weighted Avg.    0.686    0.412    0.677      0.686    0.679      0.286    0.737     0.753     

=== Confusion Matrix ===

   a   b   <-- classified as
 400 100 |   a = 0
 141 127 |   b = 1

